use_year	permit_number	permit_holder_name	pod_index	use_type	reported_acft	reported_acres	reported_rate	kwhrs	kwh_demand	begin_meter	end_meter	meter_units	comments	crop_type1	crop_type2	reported_inches	use_january	use_february	use_march	use_april	use_may	use_june	use_july	use_august	use_september	use_october	use_november	use_december	total_use
1984	1114	NORTHWOOD, CITY OF	-1	Municipal	0.0	0.0	0.0	0	0	0.0	0.0						2424260.0	2640400.0	2739000.0	2281220.0	1967650.0	2743080.0	3032550.0	2981540.0	2975920.0	2980040.0	2712730.0	2618440.0	32096830.0
1985	1114	NORTHWOOD, CITY OF	-1	Municipal	0.0	0.0	0.0	0	0	0.0	0.0						2509600.0	2538630.0	2441390.0	2311620.0	2589160.0	2693510.0	2823760.0	2999130.0	3144106.0	2653640.0	2530640.0	2452810.0	31687996.0
1986	1114	NORTHWOOD, CITY OF	-1	Municipal	0.0	0.0	0.0	0	0	0.0	0.0						1831590.0	1948950.0	2368070.0	2347660.0	2352770.0	2411620.0	2935770.0	2730670.0	2892000.0	2811970.0	2635540.0	2599050.0	29865660.0
1987	1114	NORTHWOOD, CITY OF	-1	Municipal	0.0	0.0	0.0	0	0	0.0	0.0						2416970.0	2458340.0	2638270.0	2204010.0	2731300.0	2716350.0	3052180.0	2926980.0	2772560.0	2672890.0	2910535.0	2502570.0	32002955.0
1988	1114	NORTHWOOD, CITY OF	-1	Municipal	0.0	0.0	0.0	0	0	0.0	0.0						2595777.0	2825755.0	2290414.0	2535895.0	2677819.0	3124262.0	3035333.0	3007725.0	2732101.0	2824991.0	2648640.0	2614047.0	32912759.0
1989	1114	NORTHWOOD, CITY OF	-1	Municipal	0.0	0.0	0.0	0	0	0.0	0.0						2638647.0	2704410.0	2517870.0	2451170.0	2447352.0	2769365.0	2730295.0	3329129.0	3180155.0	3395932.0	2929707.0	2642340.0	33736372.0
1990	1114	NORTHWOOD, CITY OF	-1	Municipal	0.0	0.0	0.0	0	0	0.0	0.0						726600.0	693900.0	770800.0	769000.0	935300.0	769000.0	926000.0	929500.0	759500.0	647900.0	701200.0	770700.0	9399400.0
1991	1114	NORTHWOOD, CITY OF	-1	Municipal	0.0	0.0	0.0	0	0	0.0	0.0						776400.0	649600.0	658800.0	746200.0	771000.0	799700.0	775600.0	942800.0	668300.0	678400.0	612900.0	680500.0	8760200.0
1992	1114	NORTHWOOD, CITY OF	-1	Municipal	0.0	0.0	0.0	0	0	0.0	0.0						696000.0	662700.0	784400.0	662600.0	721600.0	751000.0	860200.0	1062200.0	728400.0	769400.0	666500.0	700400.0	9065400.0
1993	1114	NORTHWOOD, CITY OF	-1	Municipal	0.0	0.0	0.0	0	0	0.0	0.0						677400.0	608600.0	830400.0	641400.0	867900.0	670900.0	635700.0	787600.0	684800.0	703200.0	678300.0	635900.0	8422100.0
1994	1114	NORTHWOOD, CITY OF	-1	Municipal	0.0	0.0	0.0	0	0	0.0	0.0						1155400.0	787400.0	1197900.0	1248600.0	1371800.0	1323200.0	1251900.0	1075500.0	1437700.0	985300.0	1180000.0	1185500.0	14200200.0
1995	1114	NORTHWOOD, CITY OF	-1	Municipal	0.0	0.0	0.0	0	0	0.0	0.0						1026674.0	1280226.0	663596.0	2453088.0	1485340.0	1431658.0	1478348.0	1481108.0	1065406.0	1602640.0	1232800.0	1265506.0	16466390.0
1996	1114	NORTHWOOD, CITY OF	-1	Municipal	0.0	0.0	0.0	0	0	0.0	0.0						1099305.0	1263825.0	1244565.0	1083690.0	1247175.0	1387305.0	1404945.0	1549530.0	1151145.0	1318050.0	1281285.0	1032435.0	15063255.0
1997	1114	NORTHWOOD, CITY OF	-1	Municipal	0.0	0.0	0.0	0	0	0.0	0.0						1109565.0	988965.0	1111770.0	1477035.0	1373355.0	1292445.0	1154700.0	1289655.0	897885.0	0.0	0.0	0.0	10695375.0
1999	1114	NORTHWOOD, CITY OF	-1	Municipal	0.0	0.0	0.0	0	0	0.0	0.0						0.0	0.0	0.0	0.0	17600.0	63450.0	67800.0	16800.0	7400.0	2600.0	0.0	0.0	175650.0
2000	1114	NORTHWOOD, CITY OF	-1	Municipal	0.0	0.0	0.0	0	0	0.0	0.0						0.0	0.0	0.0	15400.0	48300.0	54850.0	46900.0	53060.0	20000.0	3250.0	0.0	0.0	241760.0
2001	1114	NORTHWOOD, CITY OF	-1	Municipal	0.0	0.0	0.0	0	0	0.0	0.0						0.0	0.0	0.0	11350.0	48250.0	55050.0	50100.0	52350.0	37200.0	0.0	0.0	0.0	254300.0
2002	1114	NORTHWOOD, CITY OF	-1	Municipal	0.0	0.0	0.0	0	0	0.0	0.0						7000.0	3800.0	4000.0	5800.0	32000.0	64000.0	84000.0	23800.0	16000.0	10000.0	6400.0	5800.0	262600.0
2003	1114	NORTHWOOD, CITY OF	-1	Municipal	0.0	0.0	0.0	0	0	0.0	0.0						0.0	0.0	12400.0	14000.0	28600.0	56400.0	66400.0	42600.0	13000.0	5400.0	8800.0	7600.0	255200.0
2004	1114	NORTHWOOD, CITY OF	-1	Municipal	0.0	0.0	0.0	0	0	0.0	0.0						4500.0	6950.0	3250.0	4450.0	12550.0	30250.0	53100.0	41050.0	17250.0	6900.0	5250.0	5700.0	191200.0
2005	1114	NORTHWOOD, CITY OF	-1	Municipal	0.0	0.0	0.0	0	0	0.0	0.0						4650.0	9700.0	7600.0	8300.0	14150.0	4450.0	12600.0	21800.0	10200.0	4450.0	3550.0	2350.0	103800.0
2006	1114	NORTHWOOD, CITY OF	-1	Municipal	0.0	0.0	0.0	0	0	0.0	0.0						500.0	1200.0	3400.0	5900.0	2000.0	28600.0	45600.0	28200.0	16800.0	11950.0	18450.0	6200.0	168800.0
2007	1114	NORTHWOOD, CITY OF	-1	Municipal	0.0	0.0	0.0	0	0	0.0	0.0						400.0	5900.0	12050.0	13000.0	2700.0	1450.0	16100.0	9050.0	3150.0	8700.0	4050.0	1200.0	77750.0
2010	1114	NORTHWOOD, CITY OF	-1	Municipal	0.0	0.0	0.0	0	0	0.0	0.0						0.0	0.0	0.0	0.0	1450.0	3100.0	4900.0	150.0	50.0	2400.0	1900.0	0.0	13950.0
2011	1114	NORTHWOOD, CITY OF	-1	Municipal	0.0	0.0	0.0	0	0	0.0	0.0						0.0	0.0	0.0	0.0	0.0	800.0	0.0	0.0	900.0	7850.0	0.0	0.0	9550.0
2012	1114	NORTHWOOD, CITY OF	-1	Municipal	0.0	0.0	0.0	0	0	0.0	0.0						0.0	0.0	0.0	15950.0	0.0	3700.0	0.0	0.0	0.0	15350.0	6650.0	2050.0	43700.0
2013	1114	NORTHWOOD, CITY OF	-1	Municipal	0.0	0.0	0.0	0	0	0.0	0.0						0.0	16000.0	0.0	10250.0	0.0	0.0	0.0	8250.0	0.0	0.0	0.0	0.0	34500.0
2015	1114	NORTHWOOD, CITY OF	-1	Municipal	0.0	0.0	0.0	0	0	0.0	0.0						0.0	0.0	0.0	0.0	6000.0	0.0	0.0	0.0	15000.0	6000.0	0.0	0.0	27000.0
2016	1114	NORTHWOOD, CITY OF	-1	Municipal	0.0	0.0	0.0	0	0	0.0	0.0						0.0	0.0	0.0	0.0	5000.0	7000.0	0.0	6000.0	12000.0	3000.0	0.0	0.0	33000.0
2017	1114	NORTHWOOD, CITY OF	-1	Municipal	0.0	0.0	0.0	0	0	0.0	0.0						167395.0	282952.0	180292.0	56155.0	315210.0	60635.0	237099.0	61108.0	60854.0	24781.0	81962.0	221291.0	1749734.0
2018	1114	NORTHWOOD, CITY OF	-1	Municipal	0.0	0.0	0.0	0	0	0.0	0.0						0.0	0.0	0.0	0.0	0.0	0.0	0.0	0.0	0.0	0.0	0.0	0.0	0.0
2019	1114	NORTHWOOD, CITY OF	-1	Municipal	0.0	0.0	0.0	0	0	0.0	0.0						0.0	0.0	0.0	0.0	0.0	0.0	0.0	0.0	0.0	0.0	0.0	0.0	0.0
2020	1114	NORTHWOOD, CITY OF	-1	Municipal	0.0	0.0	0.0	0	0	0.0	0.0						0.0	0.0	0.0	0.0	0.0	0.0	0.0	0.0	0.0	0.0	0.0	0.0	0.0
2021	1114	NORTHWOOD, CITY OF	-1	Municipal	0.0	0.0	0.0	0	0	0.0	0.0						0.0	0.0	0.0	0.0	0.0	0.0	0.0	0.0	0.0	0.0	0.0	0.0	50000.0
2022	1114	NORTHWOOD, CITY OF	-1	Municipal	0.0	0.0	0.0	0	0	0.0	0.0						0.0	0.0	0.0	0.0	0.0	0.0	0.0	0.0	0.0	0.0	0.0	0.0	250000.0
2023	1114	NORTHWOOD, CITY OF	-1	Municipal	0.0	0.0	0.0	0	0	0.0	0.0						0.0	0.0	0.0	9000.0	8000.0	6350.0	5000.0	18000.0	23000.0	15000.0	0.0	0.0	84350.0
1979	1212P	LARIMORE, CITY OF	-1	Municipal	0.0	0.0	0.0	0	0	0.0	0.0						4050000.0	3836000.0	4170000.0	4170000.0	4200000.0	4290000.0	4500000.0	4800000.0	4650000.0	4500000.0	4440000.0	4350000.0	51956000.0
1980	1212P	LARIMORE, CITY OF	-1	Municipal	0.0	0.0	0.0	0	0	0.0	0.0						4650000.0	4060000.0	4655000.0	4653000.0	4960000.0	4950000.0	5580000.0	5700000.0	5400000.0	4960000.0	4650000.0	4655000.0	58873000.0
1981	1212P	LARIMORE, CITY OF	-1	Municipal	0.0	0.0	0.0	0	0	0.0	0.0						1602240.0	2013540.0	1655490.0	1970070.0	1729510.0	1655430.0	1630760.0	1509280.0	1587820.0	1957310.0	1703770.0	1686810.0	20702030.0
1982	1212P	LARIMORE, CITY OF	-1	Municipal	0.0	0.0	0.0	0	0	0.0	0.0						3845000.0	4105500.0	3500100.0	3349800.0	4013900.0	6178800.0	5207580.0	6092550.0	5003100.0	4322490.0	4042200.0	3455040.0	53116060.0
1983	1212P	LARIMORE, CITY OF	-1	Municipal	0.0	0.0	0.0	0	0	0.0	0.0						4980000.0	5360000.0	5180000.0	5477000.0	5502000.0	6113000.0	6817000.0	6166000.0	5189000.0	5013000.0	5690000.0	5980000.0	67467000.0
1984	1212P	LARIMORE, CITY OF	-1	Municipal	0.0	0.0	0.0	0	0	0.0	0.0						3499000.0	3317760.0	3401000.0	3465600.0	4031000.0	4542000.0	6126000.0	6079500.0	4590000.0	4010000.0	3773760.0	4099200.0	50934820.0
1985	1212P	LARIMORE, CITY OF	-1	Municipal	0.0	0.0	0.0	0	0	0.0	0.0						3347640.0	4089400.0	4329440.0	5948600.0	6171800.0	6890300.0	7387500.0	6480200.0	5308500.0	3889000.0	2510559.0	3980400.0	60333339.0
1986	1212P	LARIMORE, CITY OF	-1	Municipal	0.0	0.0	0.0	0	0	0.0	0.0						3286000.0	3171840.0	3942207.0	3549978.0	3248091.0	5848070.0	4735108.0	5626500.0	6130928.0	5395500.0	3380145.0	4562989.0	52877356.0
1987	1212P	LARIMORE, CITY OF	-1	Municipal	0.0	0.0	0.0	0	0	0.0	0.0						4389000.0	3942000.0	3181500.0	3549000.0	4769280.0	5216400.0	5346000.0	4558600.0	3926880.0	3850000.0	3740000.0	3894000.0	50362660.0
1988	1212P	LARIMORE, CITY OF	-1	Municipal	0.0	0.0	0.0	0	0	0.0	0.0						4313400.0	4097100.0	3067050.0	3808800.0	4078800.0	6859080.0	5981040.0	5088420.0	4048380.0	4433940.0	4710600.0	513540.0	51000150.0
1989	1212P	LARIMORE, CITY OF	-1	Municipal	0.0	0.0	0.0	0	0	0.0	0.0						4826520.0	7560000.0	3541500.0	3952500.0	5071500.0	4600500.0	8206500.0	5890500.0	3889500.0	4587000.0	5001000.0	4335000.0	61462020.0
1990	1212P	LARIMORE, CITY OF	-1	Municipal	0.0	0.0	0.0	0	0	0.0	0.0						4723500.0	4900200.0	6171300.0	5896500.0	6843600.0	6325100.0	6269800.0	6445900.0	4732800.0	4297700.0	3908300.0	3734900.0	64249600.0
1991	1212P	LARIMORE, CITY OF	-1	Municipal	0.0	0.0	0.0	0	0	0.0	0.0						3444500.0	2983600.0	3604200.0	3731700.0	4366700.0	4867400.0	4879700.0	5886000.0	4758700.0	4178200.0	4121900.0	3989800.0	50812400.0
1992	1212P	LARIMORE, CITY OF	-1	Municipal	0.0	0.0	0.0	0	0	0.0	0.0						5065000.0	4675200.0	3827200.0	3759200.0	5481000.0	5381900.0	4641000.0	5380100.0	4657800.0	4527800.0	3532000.0	3920800.0	54849000.0
1993	1212P	LARIMORE, CITY OF	-1	Municipal	0.0	0.0	0.0	0	0	0.0	0.0						3772100.0	4008300.0	3987800.0	4067400.0	5028200.0	5206700.0	4579600.0	4640500.0	4202300.0	3670000.0	3372500.0	3621100.0	50156500.0
1994	1212P	LARIMORE, CITY OF	-1	Municipal	0.0	0.0	0.0	0	0	0.0	0.0						4332100.0	3649500.0	4751000.0	4306200.0	5661700.0	6115000.0	5219500.0	5798700.0	4627100.0	3153900.0	3153900.0	5002900.0	55771500.0
1995	1212P	LARIMORE, CITY OF	-1	Municipal	0.0	0.0	0.0	0	0	0.0	0.0						5247700.0	4648300.0	5621300.0	4707900.0	6463200.0	7323900.0	4804500.0	5577500.0	4965900.0	4384500.0	4339200.0	4819600.0	62903500.0
1996	1212P	LARIMORE, CITY OF	-1	Municipal	0.0	0.0	0.0	0	0	0.0	0.0						4684700.0	5928400.0	5482200.0	4885800.0	4352900.0	5221700.0	5039500.0	5685600.0	4607400.0	6399200.0	7376700.0	7261300.0	66925400.0
1997	1212P	LARIMORE, CITY OF	-1	Municipal	0.0	0.0	0.0	0	0	0.0	0.0						6983900.0	6825100.0	8020400.0	5532400.0	4703700.0	6145200.0	5037600.0	5292000.0	4426700.0	4275500.0	4167900.0	5105300.0	66515700.0
1998	1212P	LARIMORE, CITY OF	-1	Municipal	0.0	0.0	0.0	0	0	0.0	0.0						5175800.0	4858000.0	4851900.0	4242500.0	4154000.0	4614400.0	5080900.0	5865300.0	4893700.0	3932400.0	4001900.0	4201400.0	55872200.0
1999	1212P	LARIMORE, CITY OF	-1	Municipal	0.0	0.0	0.0	0	0	0.0	0.0						3444900.0	3447000.0	3845700.0	3891400.0	4461800.0	4747600.0	5661400.0	6236500.0	3590600.0	3873300.0	4432200.0	5105200.0	52737600.0
2000	1212P	LARIMORE, CITY OF	-1	Municipal	0.0	0.0	0.0	0	0	0.0	0.0						5222600.0	3061400.0	3385300.0	3861000.0	3264200.0	2896200.0	4304100.0	5651100.0	4857800.0	5216600.0	3644100.0	4395300.0	49759700.0
2001	1212P	LARIMORE, CITY OF	-1	Municipal	0.0	0.0	0.0	0	0	0.0	0.0						4820300.0	3749600.0	3682200.0	4243400.0	5192300.0	5452600.0	5892400.0	5573900.0	5068900.0	6070600.0	6240900.0	5608900.0	61596000.0
2002	1212P	LARIMORE, CITY OF	-1	Municipal	0.0	0.0	0.0	0	0	0.0	0.0						4813400.0	3825400.0	4275400.0	4448100.0	4659500.0	4699100.0	6750900.0	5679900.0	4344900.0	4269700.0	4072400.0	4224800.0	56063500.0
2003	1212P	LARIMORE, CITY OF	-1	Municipal	0.0	0.0	0.0	0	0	0.0	0.0						4698600.0	4944300.0	4424900.0	51161400.0	4659700.0	4741300.0	0.0	0.0	0.0	0.0	0.0	0.0	74630200.0
2004	1212P	LARIMORE, CITY OF	-1	Municipal	0.0	0.0	0.0	0	0	0.0	0.0						3381732.0	4305632.0	3828061.0	3959615.0	4720218.0	5394116.0	7658305.0	4237705.0	5364456.0	4870128.0	5374737.0	6635680.0	59730385.0
2005	1212P	LARIMORE, CITY OF	-1	Municipal	0.0	0.0	0.0	0	0	0.0	0.0						5529394.0	3972383.0	3818216.0	4339321.0	5450954.0	4734222.0	4705542.0	4741418.0	4142418.0	3573280.0	2789090.0	2853300.0	50649538.0
2006	1212P	LARIMORE, CITY OF	-1	Municipal	0.0	0.0	0.0	0	0	0.0	0.0						2885332.0	2696495.0	1757756.0	4235680.0	3228127.0	3946919.0	3799074.0	6004544.0	6275848.0	2247271.0	3604628.0	5055316.0	45736990.0
2007	1212P	LARIMORE, CITY OF	-1	Municipal	0.0	0.0	0.0	0	0	0.0	0.0						2748530.0	2652520.0	2753470.0	3464320.0	3358930.0	3348520.0	3452830.0	3543720.0	2207980.0	3302860.0	2973290.0	3002010.0	36808980.0
2008	1212P	LARIMORE, CITY OF	-1	Municipal	0.0	0.0	0.0	0	0	0.0	0.0						3564540.0	3564550.0	6656290.0	3507500.0	2896000.0	3865600.0	3892340.0	4573650.0	4269150.0	4019450.0	3651900.0	3542130.0	48003100.0
2009	1212P	LARIMORE, CITY OF	-1	Municipal	0.0	0.0	0.0	0	0	0.0	0.0						3501701.66	3501701.66	3501701.66	3501701.66	3501701.66	3501701.66	3501701.66	3501701.66	3501701.66	3501701.66	3501701.7	3501701.7	42020420.0
2010	1212P	LARIMORE, CITY OF	-1	Municipal	0.0	0.0	0.0	0	0	0.0	0.0						3521764.8	3521764.8	3521764.8	3521764.8	3521764.8	3521764.8	3521764.8	3521764.8	3521764.9	3521764.9	3521764.9	3521764.9	42261178.0
2012	1212P	LARIMORE, CITY OF	-1	Municipal	0.0	0.0	0.0	0	0	0.0	0.0						3229870.0	2910007.0	3214039.0	3585170.0	4206772.0	4541523.0	4281681.0	4492871.0	4650874.0	4174974.0	3482180.0	3931272.0	46701233.0
2013	1212P	LARIMORE, CITY OF	-1	Municipal	0.0	0.0	0.0	0	0	0.0	0.0						4290321.0	4333070.0	4365085.0	3091424.0	3379607.0	3530168.0	5586572.0	4878578.0	4039760.0	3247345.0	3257716.0	3575011.0	47574657.0
2014	1212P	LARIMORE, CITY OF	-1	Municipal	0.0	0.0	0.0	0	0	0.0	0.0						3759604.0	3414126.0	4179190.0	4089058.0	4396423.0	4684911.0	5474550.0	5947052.0	4943285.0	3841415.0	3526741.0	3597669.0	51854024.0
2015	1212P	LARIMORE, CITY OF	-1	Municipal	0.0	0.0	0.0	0	0	0.0	0.0						3824315.0	3524933.0	3821907.0	3840976.0	4886894.0	4455738.0	4492316.0	5329409.0	4447109.0	4183463.0	4158638.0	4464037.0	51429735.0
2016	1212P	LARIMORE, CITY OF	-1	Municipal	0.0	0.0	0.0	0	0	0.0	0.0						4433609.0	4285726.0	4556552.0	4200661.0	5136583.0	4642813.0	4847298.0	4674673.0	3403693.0	3422299.0	3067169.0	3153763.0	49824839.0
2017	1212P	LARIMORE, CITY OF	-1	Municipal	0.0	0.0	0.0	0	0	0.0	0.0						3054061.0	2799630.0	3200215.0	3304138.0	3504143.0	3804976.0	4023314.0	3745697.0	3774298.0	3991825.0	5409107.0	5264733.0	45876137.0
2018	1212P	LARIMORE, CITY OF	-1	Municipal	0.0	0.0	0.0	0	0	0.0	0.0						6247033.0	5176761.0	6079182.0	6525531.0	7922282.0	7659600.0	8397393.0	9318100.0	5385730.0	5046938.0	4777264.0	4983062.0	77518876.0
2019	1212P	LARIMORE, CITY OF	-1	Municipal	0.0	0.0	0.0	0	0	0.0	0.0						4477520.0	5073209.0	5218418.0	4925780.0	5559330.0	5754442.0	5719056.0	6035431.0	3978731.0	3293000.0	4733000.0	2200000.0	56967917.0
2020	1212P	LARIMORE, CITY OF	-1	Municipal	0.0	0.0	0.0	0	0	0.0	0.0						4279000.0	3995000.0	3507000.0	3751000.0	4051000.0	4656000.0	4752000.0	4308000.0	4707000.0	4726000.0	3671000.0	4482000.0	50885000.0
2021	1212P	LARIMORE, CITY OF	-1	Municipal	0.0	0.0	0.0	0	0	0.0	0.0						0.0	0.0	0.0	0.0	0.0	0.0	0.0	0.0	0.0	0.0	0.0	0.0	0.0
2022	1212P	LARIMORE, CITY OF	-1	Municipal	0.0	0.0	0.0	0	0	0.0	0.0						0.0	0.0	0.0	0.0	0.0	0.0	0.0	0.0	0.0	0.0	0.0	0.0	36433210.0
2023	1212P	LARIMORE, CITY OF	-1	Municipal	0.0	0.0	0.0	0	0	0.0	0.0						5525800.0	4899020.0	2812010.0	2256260.0	5393730.0	9948940.0	7281480.0	5614710.0	1920120.0	4014620.0	623420.0	139330.0	50429440.0
1979	1563	EAST CENTRAL REGIONAL WATER DISTRICT	-1	Rural Water	0.0	0.0	0.0	0	0	0.0	0.0						2500000.0	2700000.0	2600000.0	3700000.0	3000000.0	3100000.0	3400100.0	4602000.0	3450000.0	3000000.0	2645800.0	2555400.0	37253300.0
1980	1563	EAST CENTRAL REGIONAL WATER DISTRICT	-1	Rural Water	0.0	0.0	0.0	0	0	0.0	0.0						2500000.0	2400000.0	2480000.0	2651200.0	2500000.0	3060000.0	3050000.0	3000000.0	2500000.0	2450000.0	2540000.0	2550000.0	31681200.0
1981	1563	EAST CENTRAL REGIONAL WATER DISTRICT	-1	Rural Water	0.0	0.0	0.0	0	0	0.0	0.0						2200000.0	0.0	0.0	0.0	0.0	0.0	0.0	0.0	0.0	0.0	0.0	0.0	2200000.0
1982	1563	EAST CENTRAL REGIONAL WATER DISTRICT	-1	Rural Water	0.0	0.0	0.0	0	0	0.0	0.0						2618500.0	2500000.0	2481000.0	2380000.0	2205000.0	2430000.0	2500000.0	2326000.0	2148000.0	2114000.0	2500000.0	2326000.0	28528500.0
1983	1563	EAST CENTRAL REGIONAL WATER DISTRICT	-1	Rural Water	0.0	0.0	0.0	0	0	0.0	0.0						2201000.0	1953000.0	2399000.0	2220000.0	2470000.0	2740000.0	2626000.0	2651000.0	2280000.0	2300000.0	2057000.0	2151000.0	28048000.0
1984	1563	EAST CENTRAL REGIONAL WATER DISTRICT	-1	Rural Water	0.0	0.0	0.0	0	0	0.0	0.0						2150000.0	2676000.0	2200000.0	2500000.0	1573000.0	3191000.0	2663000.0	2770000.0	2526080.0	2907920.0	2087000.0	2137000.0	29381000.0
1985	1563	EAST CENTRAL REGIONAL WATER DISTRICT	-1	Rural Water	0.0	0.0	0.0	0	0	0.0	0.0						2403000.0	2200000.0	2230000.0	4265000.0	3000000.0	2500000.0	1390000.0	2400000.0	2500000.0	2200000.0	2999900.0	2500000.0	30587900.0
1986	1563	EAST CENTRAL REGIONAL WATER DISTRICT	-1	Rural Water	0.0	0.0	0.0	0	0	0.0	0.0						4932000.0	2510000.0	2000000.0	5775000.0	2740000.0	31430000.0	243000.0	2840000.0	2386000.0	2294000.0	2214000.0	2467000.0	61831000.0
1987	1563	EAST CENTRAL REGIONAL WATER DISTRICT	-1	Rural Water	0.0	0.0	0.0	0	0	0.0	0.0						2467000.0	2106000.0	1788000.0	2553000.0	2602000.0	2706000.0	2547000.0	2482000.0	2282000.0	2240000.0	2189000.0	2210000.0	28172000.0
1988	1563	EAST CENTRAL REGIONAL WATER DISTRICT	-1	Rural Water	0.0	0.0	0.0	0	0	0.0	0.0						0.0	0.0	0.0	0.0	50000.0	0.0	0.0	0.0	0.0	50000.0	0.0	0.0	100000.0
1989	1563	EAST CENTRAL REGIONAL WATER DISTRICT	-1	Rural Water	0.0	0.0	0.0	0	0	0.0	0.0						0.0	0.0	0.0	0.0	0.0	0.0	0.0	0.0	0.0	53000.0	1531000.0	2564200.0	4148200.0
1990	1563	EAST CENTRAL REGIONAL WATER DISTRICT	-1	Rural Water	0.0	0.0	0.0	0	0	0.0	0.0						2864100.0	3703200.0	5170200.0	3840900.0	3269300.0	2597700.0	1924400.0	1740000.0	410600.0	2313400.0	3355400.0	2882400.0	34071600.0
1991	1563	EAST CENTRAL REGIONAL WATER DISTRICT	-1	Rural Water	0.0	0.0	0.0	0	0	0.0	0.0						4529000.0	4617600.0	4107900.0	2436300.0	2532700.0	3548600.0	4010500.0	40400.0	655900.0	630000.0	626000.0	6191200.0	33926100.0
1992	1563	EAST CENTRAL REGIONAL WATER DISTRICT	-1	Rural Water	0.0	0.0	0.0	0	0	0.0	0.0						6486500.0	8483800.0	2768500.0	240100.0	1323600.0	25000.0	0.0	0.0	0.0	0.0	0.0	1565500.0	20893000.0
1993	1563	EAST CENTRAL REGIONAL WATER DISTRICT	-1	Rural Water	0.0	0.0	0.0	0	0	0.0	0.0						8790500.0	6733300.0	8178600.0	2124500.0	1867100.0	3102000.0	467900.0	689600.0	0.0	0.0	4533000.0	9863700.0	46350200.0
1994	1563	EAST CENTRAL REGIONAL WATER DISTRICT	-1	Rural Water	0.0	0.0	0.0	0	0	0.0	0.0						8851000.0	3630200.0	2069700.0	0.0	0.0	100.0	1065000.0	3814600.0	1179900.0	182100.0	40700.0	4833500.0	25666800.0
1995	1563	EAST CENTRAL REGIONAL WATER DISTRICT	-1	Rural Water	0.0	0.0	0.0	0	0	0.0	0.0						4039100.0	3177400.0	4386600.0	1370500.0	1421400.0	319600.0	82400.0	2230200.0	860800.0	5606400.0	1719400.0	2960100.0	28173900.0
1996	1563	EAST CENTRAL REGIONAL WATER DISTRICT	-1	Rural Water	0.0	0.0	0.0	0	0	0.0	0.0						10008700.0	9382000.0	3732600.0	1041600.0	176300.0	903700.0	3711100.0	2039500.0	3059900.0	5599000.0	340400.0	571000.0	40565800.0
1997	1563	EAST CENTRAL REGIONAL WATER DISTRICT	-1	Rural Water	0.0	0.0	0.0	0	0	0.0	0.0						1596800.0	978700.0	843000.0	4395000.0	5388500.0	2878500.0	1005000.0	2905500.0	4849700.0	3636800.0	2693000.0	7166600.0	38337100.0
1998	1563	EAST CENTRAL REGIONAL WATER DISTRICT	-1	Rural Water	0.0	0.0	0.0	0	0	0.0	0.0						8968100.0	7680600.0	1445800.0	3341600.0	6716700.0	2293100.0	3417500.0	3092900.0	1571700.0	170000.0	1184900.0	45500.0	39928400.0
1999	1563	EAST CENTRAL REGIONAL WATER DISTRICT	-1	Rural Water	0.0	0.0	0.0	0	0	0.0	0.0						384200.0	2318800.0	1887000.0	2840100.0	8260400.0	8072500.0	9417900.0	333100.0	20300.0	27500.0	934600.0	1415100.0	35911500.0
2000	1563	EAST CENTRAL REGIONAL WATER DISTRICT	-1	Rural Water	0.0	0.0	0.0	0	0	0.0	0.0						0.0	100.0	2796700.0	7044400.0	6905200.0	1580300.0	1637200.0	1894300.0	974000.0	4302900.0	3175700.0	1147800.0	31458600.0
2001	1563	EAST CENTRAL REGIONAL WATER DISTRICT	-1	Rural Water	0.0	0.0	0.0	0	0	0.0	0.0						640100.0	1842600.0	400100.0	1345500.0	1447600.0	2513600.0	748600.0	38800.0	23000.0	18200.0	534300.0	698900.0	10251300.0
2002	1563	EAST CENTRAL REGIONAL WATER DISTRICT	-1	Rural Water	0.0	0.0	0.0	0	0	0.0	0.0						6508700.0	158200.0	714000.0	7616300.0	1953800.0	1893700.0	2037500.0	2819200.0	2873200.0	3260000.0	63000.0	80000.0	29977600.0
2003	1563	EAST CENTRAL REGIONAL WATER DISTRICT	-1	Rural Water	0.0	0.0	0.0	0	0	0.0	0.0						691900.0	227200.0	1923500.0	8772600.0	3911300.0	2118600.0	6453600.0	1896600.0	291400.0	251800.0	186700.0	1525900.0	28251100.0
2004	1563	EAST CENTRAL REGIONAL WATER DISTRICT	-1	Rural Water	0.0	0.0	0.0	0	0	0.0	0.0						5565400.0	3627300.0	702400.0	627100.0	1331000.0	4486800.0	4486800.0	1139300.0	754200.0	105800.0	105800.0	462300.0	23394200.0
2005	1563	EAST CENTRAL REGIONAL WATER DISTRICT	-1	Rural Water	0.0	0.0	0.0	0	0	0.0	0.0						400000.0	2433800.0	3063100.0	0.0	148100.0	2079300.0	1987500.0	122000.0	878000.0	0.0	150200.0	430900.0	11692900.0
2006	1563	EAST CENTRAL REGIONAL WATER DISTRICT	-1	Rural Water	0.0	0.0	0.0	0	0	0.0	0.0						632500.0	472500.0	128600.0	2100.0	1730000.0	2103800.0	1676100.0	5708100.0	5574000.0	4027600.0	413300.0	6670300.0	29138900.0
2007	1563	EAST CENTRAL REGIONAL WATER DISTRICT	-1	Rural Water	0.0	0.0	0.0	0	0	0.0	0.0						414100.0	361200.0	194400.0	767400.0	544900.0	991100.0	1399500.0	1612300.0	307300.0	56400.0	14700.0	161900.0	6825200.0
2008	1563	EAST CENTRAL REGIONAL WATER DISTRICT	-1	Rural Water	0.0	0.0	0.0	0	0	0.0	0.0						2687400.0	8372100.0	5474200.0	5336500.0	8708400.0	1472300.0	1137500.0	1237700.0	527000.0	1403600.0	426200.0	467700.0	37250600.0
2009	1563	EAST CENTRAL REGIONAL WATER DISTRICT	-1	Rural Water	0.0	0.0	0.0	0	0	0.0	0.0						99500.0	198700.0	1296300.0	2274600.0	13100.0	3400.0	5627500.0	4655000.0	3853800.0	850000.0	0.0	0.0	18871900.0
2011	1563	EAST CENTRAL REGIONAL WATER DISTRICT	-1	Rural Water	0.0	0.0	0.0	0	0	0.0	0.0						0.0	6800.0	0.0	96000.0	920000.0	748200.0	1039000.0	1168200.0	290000.0	0.0	31500.0	119700.0	4419400.0
2012	1563	EAST CENTRAL REGIONAL WATER DISTRICT	-1	Rural Water	0.0	0.0	0.0	0	0	0.0	0.0						161700.0	13500.0	95700.0	14900.0	17300.0	492300.0	3961200.0	3016660.0	4946000.0	6733600.0	2630300.0	177000.0	22260160.0
2013	1563	EAST CENTRAL REGIONAL WATER DISTRICT	-1	Rural Water	0.0	0.0	0.0	0	0	0.0	0.0						107800.0	104900.0	1711800.0	2106300.0	831600.0	1892800.0	2664300.0	3471400.0	1636500.0	378200.0	430100.0	49500.0	15385200.0
2014	1563	EAST CENTRAL REGIONAL WATER DISTRICT	-1	Rural Water	0.0	0.0	0.0	0	0	0.0	0.0						19500.0	3532200.0	6574800.0	6816900.0	7228600.0	3767800.0	8890300.0	6880200.0	3819800.0	5859100.0	3327400.0	116000.0	56832600.0
2015	1563	EAST CENTRAL REGIONAL WATER DISTRICT	-1	Rural Water	0.0	0.0	0.0	0	0	0.0	0.0						279600.0	277800.0	413500.0	612000.0	926700.0	2605800.0	2404200.0	2124800.0	1355900.0	597400.0	417400.0	6309000.0	18324100.0
2016	1563	EAST CENTRAL REGIONAL WATER DISTRICT	-1	Rural Water	0.0	0.0	0.0	0	0	0.0	0.0						1800600.0	1780350.0	1117900.0	258600.0	1906205.0	1969081.0	1437018.0	797082.0	93111.0	1449344.0	132511.0	182287.0	12924089.0
2017	1563	EAST CENTRAL REGIONAL WATER DISTRICT	-1	Rural Water	0.0	0.0	0.0	0	0	0.0	0.0						103095.0	292.0	282164.0	1338875.0	1818515.0	149.0	541.0	144190.0	204610.0	0.0	0.0	0.0	3892431.0
2018	1563	EAST CENTRAL REGIONAL WATER DISTRICT	-1	Rural Water	0.0	0.0	0.0	0	0	0.0	0.0						570.0	0.0	0.0	0.0	100.0	2940.0	0.0	0.0	0.0	0.0	0.0	0.0	3610.0
2019	1563	EAST CENTRAL REGIONAL WATER DISTRICT	-1	Rural Water	0.0	0.0	0.0	0	0	0.0	0.0						0.0	0.0	0.0	0.0	0.0	0.0	0.0	0.0	0.0	0.0	0.0	0.0	0.0
2020	1563	EAST CENTRAL REGIONAL WATER DISTRICT	-1	Rural Water	0.0	0.0	0.0	0	0	0.0	0.0						0.0	0.0	0.0	0.0	0.0	982496.0	452988.0	453456.0	11633.0	1042.0	0.0	415220.0	2316835.0
2021	1563	EAST CENTRAL REGIONAL WATER DISTRICT	-1	Rural Water	0.0	0.0	0.0	0	0	0.0	0.0						1023122.0	1250191.0	1081000.0	1115217.0	2241538.0	2200255.0	2282821.0	0.0	0.0	0.0	0.0	0.0	11194144.0
2022	1563	EAST CENTRAL REGIONAL WATER DISTRICT	-1	Rural Water	0.0	0.0	0.0	0	0	0.0	0.0						0.0	0.0	0.0	0.0	0.0	0.0	122421.0	856648.0	344943.0	0.0	0.0	0.0	1324012.0
2023	1563	EAST CENTRAL REGIONAL WATER DISTRICT	-1	Rural Water	0.0	0.0	0.0	0	0	0.0	0.0						0.0	0.0	0.0	0.0	1533236.0	3773818.0	2708690.0	1574374.0	4015810.0	3045960.0	1976070.0	34170.0	18662128.0
1979	1795	EAST CENTRAL REGIONAL WATER DISTRICT	-1	Rural Water	0.0	0.0	0.0	0	0	0.0	0.0						6467700.0	6174200.0	6174200.0	2096000.0	361000.0	4275000.0	3423000.0	4460000.0	4957000.0	5095000.0	3762000.0	4150000.0	51395100.0
1980	1795	EAST CENTRAL REGIONAL WATER DISTRICT	-1	Rural Water	0.0	0.0	0.0	0	0	0.0	0.0						3794000.0	4422000.0	3805000.0	6150000.0	2903000.0	1228000.0	2089000.0	3296000.0	3734000.0	4012000.0	3984000.0	4538000.0	43955000.0
1981	1795	EAST CENTRAL REGIONAL WATER DISTRICT	-1	Rural Water	0.0	0.0	0.0	0	0	0.0	0.0						4135000.0	816000.0	6127000.0	6716000.0	5592000.0	5914000.0	4608000.0	3269000.0	1356000.0	1373000.0	2903000.0	3976000.0	46785000.0
1982	1795	EAST CENTRAL REGIONAL WATER DISTRICT	-1	Rural Water	0.0	0.0	0.0	0	0	0.0	0.0						3845000.0	3452000.0	1966000.0	2300000.0	5785000.0	6156000.0	1027000.0	4155000.0	4605000.0	4839000.0	4262000.0	1348000.0	43740000.0
1983	1795	EAST CENTRAL REGIONAL WATER DISTRICT	-1	Rural Water	0.0	0.0	0.0	0	0	0.0	0.0						477000.0	518000.0	4660000.0	6019000.0	1019000.0	0.0	1083000.0	454000.0	980000.0	71000.0	1932000.0	2469000.0	19682000.0
1984	1795	EAST CENTRAL REGIONAL WATER DISTRICT	-1	Rural Water	0.0	0.0	0.0	0	0	0.0	0.0						2692000.0	4193000.0	2323000.0	1402000.0	6918000.0	7671000.0	3638000.0	4699000.0	4077000.0	3372000.0	4473000.0	8600000.0	54058000.0
1985	1795	EAST CENTRAL REGIONAL WATER DISTRICT	-1	Rural Water	0.0	0.0	0.0	0	0	0.0	0.0						83000.0	3012000.0	4265000.0	5610000.0	1908000.0	7360000.0	7799000.0	2571000.0	286000.0	4024000.0	1252000.0	2663000.0	40833000.0
1986	1795	EAST CENTRAL REGIONAL WATER DISTRICT	-1	Rural Water	0.0	0.0	0.0	0	0	0.0	0.0						5721000.0	5486000.0	4450000.0	8344000.0	8307000.0	10478000.0	2304000.0	6676000.0	5731000.0	6130000.0	7399000.0	10240000.0	81266000.0
1987	1795	EAST CENTRAL REGIONAL WATER DISTRICT	-1	Rural Water	0.0	0.0	0.0	0	0	0.0	0.0						5061000.0	7811000.0	2413000.0	3082000.0	4209000.0	5009000.0	6320000.0	7378000.0	4485000.0	2710000.0	3101000.0	2735000.0	54314000.0
1988	1795	EAST CENTRAL REGIONAL WATER DISTRICT	-1	Rural Water	0.0	0.0	0.0	0	0	0.0	0.0						776000.0	1986000.0	1645000.0	2465000.0	4993000.0	7325000.0	7584000.0	6290000.0	3830000.0	4947000.0	5726000.0	3253000.0	50820000.0
1989	1795	EAST CENTRAL REGIONAL WATER DISTRICT	-1	Rural Water	0.0	0.0	0.0	0	0	0.0	0.0						6691000.0	2628000.0	4754000.0	5485000.0	4726000.0	5468000.0	6627000.0	3316000.0	2746000.0	7335000.0	6556000.0	7148000.0	63480000.0
1990	1795	EAST CENTRAL REGIONAL WATER DISTRICT	-1	Rural Water	0.0	0.0	0.0	0	0	0.0	0.0						8265000.0	7057000.0	7281000.0	4927000.0	6851000.0	9734000.0	6565000.0	2928000.0	2188000.0	2243000.0	4147000.0	5201000.0	67387000.0
1991	1795	EAST CENTRAL REGIONAL WATER DISTRICT	-1	Rural Water	0.0	0.0	0.0	0	0	0.0	0.0						8507000.0	8699000.0	9370000.0	3063000.0	4254000.0	1687000.0	1520000.0	334000.0	273000.0	1926000.0	10455000.0	7205000.0	57293000.0
1992	1795	EAST CENTRAL REGIONAL WATER DISTRICT	-1	Rural Water	0.0	0.0	0.0	0	0	0.0	0.0						8573000.0	9227000.0	2897000.0	3114000.0	6459000.0	4703000.0	5051000.0	3755000.0	3306000.0	2231000.0	6896000.0	8749000.0	64961000.0
1993	1795	EAST CENTRAL REGIONAL WATER DISTRICT	-1	Rural Water	0.0	0.0	0.0	0	0	0.0	0.0						4133000.0	7602000.0	11314000.0	7101000.0	7272000.0	7822000.0	5355000.0	9506000.0	8893000.0	6392000.0	3905000.0	1837000.0	81132000.0
1994	1795	EAST CENTRAL REGIONAL WATER DISTRICT	-1	Rural Water	0.0	0.0	0.0	0	0	0.0	0.0						2631000.0	14657000.0	5206000.0	6238000.0	5480000.0	6631000.0	6169000.0	6645000.0	1743000.0	619000.0	498000.0	6719000.0	63236000.0
1995	1795	EAST CENTRAL REGIONAL WATER DISTRICT	-1	Rural Water	0.0	0.0	0.0	0	0	0.0	0.0						7257000.0	6774000.0	5628000.0	3687000.0	5306000.0	7037000.0	6426000.0	6374000.0	4352000.0	973000.0	6168000.0	5604000.0	65586000.0
1996	1795	EAST CENTRAL REGIONAL WATER DISTRICT	-1	Rural Water	0.0	0.0	0.0	0	0	0.0	0.0						11243000.0	9354000.0	12279000.0	10870000.0	7189000.0	9321000.0	6800000.0	8804000.0	1026000.0	9177000.0	5832000.0	12462000.0	104357000.0
1997	1795	EAST CENTRAL REGIONAL WATER DISTRICT	-1	Rural Water	0.0	0.0	0.0	0	0	0.0	0.0						1397800.0	9670000.0	7904000.0	10593000.0	12799000.0	10110000.0	5187000.0	103000.0	0.0	303000.0	995000.0	90000.0	59151800.0
1998	1795	EAST CENTRAL REGIONAL WATER DISTRICT	-1	Rural Water	0.0	0.0	0.0	0	0	0.0	0.0						112000.0	2000000.0	991600.0	3504200.0	6129900.0	2904100.0	4459300.0	0.0	0.0	1554000.0	6709100.0	6357100.0	34721300.0
1999	1795	EAST CENTRAL REGIONAL WATER DISTRICT	-1	Rural Water	0.0	0.0	0.0	0	0	0.0	0.0						6526100.0	7799100.0	5841600.0	4413400.0	5800400.0	14720100.0	4449100.0	4231000.0	3257800.0	6075300.0	6017400.0	8591800.0	77723100.0
2000	1795	EAST CENTRAL REGIONAL WATER DISTRICT	-1	Rural Water	0.0	0.0	0.0	0	0	0.0	0.0						10536600.0	4976300.0	900400.0	3396100.0	5160900.0	5258100.0	4461500.0	5998100.0	4717000.0	3113700.0	3821900.0	6497900.0	58838500.0
2001	1795	EAST CENTRAL REGIONAL WATER DISTRICT	-1	Rural Water	0.0	0.0	0.0	0	0	0.0	0.0						1836900.0	1557600.0	7620300.0	11595400.0	4869000.0	9047300.0	8294700.0	7843000.0	5916600.0	7687000.0	7732900.0	7418100.0	81418800.0
2002	1795	EAST CENTRAL REGIONAL WATER DISTRICT	-1	Rural Water	0.0	0.0	0.0	0	0	0.0	0.0						4666300.0	503500.0	1738200.0	5312500.0	9859400.0	6132200.0	8634900.0	3885900.0	5203300.0	6286800.0	6182800.0	0.0	58405800.0
2003	1795	EAST CENTRAL REGIONAL WATER DISTRICT	-1	Rural Water	0.0	0.0	0.0	0	0	0.0	0.0						4037700.0	5294300.0	4142300.0	6054400.0	3202900.0	7024300.0	1733200.0	7322200.0	4689000.0	10048700.0	6896100.0	5476400.0	65921500.0
2004	1795	EAST CENTRAL REGIONAL WATER DISTRICT	-1	Rural Water	0.0	0.0	0.0	0	0	0.0	0.0						3758100.0	4039600.0	8883100.0	3335200.0	4174600.0	5700400.0	5700400.0	8033300.0	12344500.0	153300.0	153300.0	1378600.0	57654400.0
2005	1795	EAST CENTRAL REGIONAL WATER DISTRICT	-1	Rural Water	0.0	0.0	0.0	0	0	0.0	0.0						6897700.0	10137100.0	11662000.0	0.0	2694800.0	8337100.0	10577300.0	10700.0	3100000.0	2000000.0	1093500.0	3500.0	56513700.0
2006	1795	EAST CENTRAL REGIONAL WATER DISTRICT	-1	Rural Water	0.0	0.0	0.0	0	0	0.0	0.0						4200.0	100.0	0.0	100.0	0.0	0.0	0.0	13836604.0	3296400.0	8372200.0	123700.0	15266000.0	40899304.0
2007	1795	EAST CENTRAL REGIONAL WATER DISTRICT	-1	Rural Water	0.0	0.0	0.0	0	0	0.0	0.0						4311800.0	9298100.0	4538900.0	8198400.0	6507600.0	5636100.0	7023300.0	4238200.0	6711500.0	2501800.0	5616300.0	7053100.0	71635100.0
2008	1795	EAST CENTRAL REGIONAL WATER DISTRICT	-1	Rural Water	0.0	0.0	0.0	0	0	0.0	0.0						4299800.0	5766600.0	5704700.0	5888600.0	11363900.0	4412100.0	3895800.0	10287000.0	5650000.0	4107900.0	2023800.0	2024500.0	65424700.0
2009	1795	EAST CENTRAL REGIONAL WATER DISTRICT	-1	Rural Water	0.0	0.0	0.0	0	0	0.0	0.0						6913200.0	6150900.0	7999100.0	6040000.0	7756700.0	14836500.0	7463600.0	14574900.0	8547600.0	3292300.0	5390000.0	6226300.0	95191100.0
2011	1795	EAST CENTRAL REGIONAL WATER DISTRICT	-1	Rural Water	0.0	0.0	0.0	0	0	0.0	0.0						4299020.0	2285680.0	8826600.0	6835000.0	1928600.0	2798900.0	7201700.0	8671600.0	1087200.0	5469100.0	7190800.0	8737000.0	65331200.0
2012	1795	EAST CENTRAL REGIONAL WATER DISTRICT	-1	Rural Water	0.0	0.0	0.0	0	0	0.0	0.0						10333800.0	9353900.0	9566400.0	8084100.0	8619300.0	6493100.0	7188900.0	11988800.0	4876100.0	6910700.0	3488100.0	6168800.0	93072000.0
2013	1795	EAST CENTRAL REGIONAL WATER DISTRICT	-1	Rural Water	0.0	0.0	0.0	0	0	0.0	0.0						8688700.0	12044200.0	3777300.0	10062100.0	12736000.0	8166200.0	9624300.0	9738700.0	10678200.0	11587600.0	10448200.0	1008300.0	108559800.0
2014	1795	EAST CENTRAL REGIONAL WATER DISTRICT	-1	Rural Water	0.0	0.0	0.0	0	0	0.0	0.0						233800.0	3492100.0	7000400.0	5927800.0	9667600.0	6745500.0	8957600.0	5347500.0	4692100.0	3301600.0	4876100.0	0.0	60242100.0
2016	1795	EAST CENTRAL REGIONAL WATER DISTRICT	-1	Rural Water	0.0	0.0	0.0	0	0	0.0	0.0						0.0	0.0	1903960.0	7122379.0	9823345.0	10869134.0	10388842.0	11796104.0	7248672.0	3897660.0	1997400.0	3028712.0	68076208.0
2017	1795	EAST CENTRAL REGIONAL WATER DISTRICT	-1	Rural Water	0.0	0.0	0.0	0	0	0.0	0.0						5950848.0	4846734.0	6617930.0	6260528.0	4073212.0	2546990.0	5063510.0	2468736.0	954088.0	111816.0	351624.0	4440.0	39250456.0
2018	1795	EAST CENTRAL REGIONAL WATER DISTRICT	-1	Rural Water	0.0	0.0	0.0	0	0	0.0	0.0						22304.0	163656.0	12792.0	27552.0	1312024.0	2850128.0	3367320.0	4547680.0	241144.0	3499376.0	675896.0	21376.0	16741248.0
2019	1795	EAST CENTRAL REGIONAL WATER DISTRICT	-1	Rural Water	0.0	0.0	0.0	0	0	0.0	0.0						1408256.0	3261728.0	5964392.0	5072112.0	5561072.0	7809152.0	5819792.0	4675376.0	2850848.0	5148016.0	5553568.0	4293376.0	57417688.0
2020	1795	EAST CENTRAL REGIONAL WATER DISTRICT	-1	Rural Water	0.0	0.0	0.0	0	0	0.0	0.0						15315270.0	16752260.0	16167390.0	16330880.0	19145180.0	19802200.0	20066790.0	18629440.0	19517940.0	19002080.0	16643870.0	16772880.0	214146180.0
2021	1795	EAST CENTRAL REGIONAL WATER DISTRICT	-1	Rural Water	0.0	0.0	0.0	0	0	0.0	0.0						13474784.0	7720528.0	8211619.0	8198632.0	7249673.0	8146476.0	9528824.0	9823974.0	1911426.0	7353248.0	5979369.0	5571511.0	93170064.0
2022	1795	EAST CENTRAL REGIONAL WATER DISTRICT	-1	Rural Water	0.0	0.0	0.0	0	0	0.0	0.0						5220792.0	5220792.0	8136116.0	7998956.0	8506016.0	9446242.0	12369278.0	12053808.0	11913264.0	12291836.0	11400400.0	10170868.0	114728368.0
2023	1795	EAST CENTRAL REGIONAL WATER DISTRICT	-1	Rural Water	0.0	0.0	0.0	0	0	0.0	0.0						6870055.0	10641677.0	11493900.0	10914688.0	5290712.0	0.0	0.0	0.0	0.0	3917344.0	7727156.0	9138988.0	65994520.0
1979	2235	TRI-COUNTY WATER DISTRICT	-1	Rural Water	0.0	0.0	0.0	0	0	0.0	0.0						3200000.0	3300000.0	3000000.0	3000000.0	3200000.0	3500000.0	3600000.0	3400000.0	3000000.0	3000000.0	3100000.0	3300000.0	38600000.0
1980	2235	TRI-COUNTY WATER DISTRICT	-1	Rural Water	0.0	0.0	0.0	0	0	0.0	0.0						3450700.0	3150100.0	3300800.0	3770000.0	4580000.0	4160000.0	4200000.0	3441000.0	3200000.0	4150000.0	2885000.0	3200000.0	43487600.0
1981	2235	TRI-COUNTY WATER DISTRICT	-1	Rural Water	0.0	0.0	0.0	0	0	0.0	0.0						3865400.0	3705960.0	4275000.0	4020000.0	6948600.0	6270960.0	5510400.0	5200000.0	4800000.0	6000000.0	5555000.0	4100000.0	60251320.0
1982	2235	TRI-COUNTY WATER DISTRICT	-1	Rural Water	0.0	0.0	0.0	0	0	0.0	0.0						4500000.0	5000000.0	7000000.0	6000000.0	5500000.0	6500000.0	5500000.0	6000000.0	4500000.0	4500000.0	5000000.0	5500000.0	65500000.0
1983	2235	TRI-COUNTY WATER DISTRICT	-1	Rural Water	0.0	0.0	0.0	0	0	0.0	0.0						4160000.0	4850000.0	5800000.0	4900000.0	4800000.0	5200000.0	5210000.0	5190000.0	5185000.0	4480000.0	4475000.0	4475000.0	58725000.0
1984	2235	TRI-COUNTY WATER DISTRICT	-1	Rural Water	0.0	0.0	0.0	0	0	0.0	0.0						6000000.0	3500000.0	4100000.0	4000000.0	5800000.0	4400000.0	4800000.0	5600000.0	4600000.0	4200000.0	4000000.0	3800000.0	54800000.0
1985	2235	TRI-COUNTY WATER DISTRICT	-1	Rural Water	0.0	0.0	0.0	0	0	0.0	0.0						7000000.0	8000000.0	6000000.0	7000000.0	8000000.0	8500000.0	8000000.0	7500000.0	8000000.0	8000000.0	8600000.0	7000000.0	91600000.0
1986	2235	TRI-COUNTY WATER DISTRICT	-1	Rural Water	0.0	0.0	0.0	0	0	0.0	0.0						3604800.0	2716500.0	3475000.0	3675400.0	4232400.0	4211000.0	3806500.0	3419400.0	3505600.0	3198600.0	3265900.0	3286900.0	42398000.0
1987	2235	TRI-COUNTY WATER DISTRICT	-1	Rural Water	0.0	0.0	0.0	0	0	0.0	0.0						3576500.0	2552300.0	4603300.0	5243500.0	5967700.0	6528200.0	11714300.0	7622600.0	10260400.0	9360400.0	13412000.0	6601300.0	87442500.0
1988	2235	TRI-COUNTY WATER DISTRICT	-1	Rural Water	0.0	0.0	0.0	0	0	0.0	0.0						7193100.0	5427800.0	6570200.0	6628600.0	5600100.0	5223600.0	4031200.0	5228800.0	6002400.0	4383600.0	3811300.0	3986200.0	64086900.0
1989	2235	TRI-COUNTY WATER DISTRICT	-1	Rural Water	0.0	0.0	0.0	0	0	0.0	0.0						6159000.0	6862000.0	8153000.0	7591000.0	7693000.0	9540000.0	8021000.0	10046000.0	6584000.0	6597000.0	6332000.0	6632000.0	90210000.0
1990	2235	TRI-COUNTY WATER DISTRICT	-1	Rural Water	0.0	0.0	0.0	0	0	0.0	0.0						3546500.0	2874050.0	4204100.0	2790350.0	4064200.0	5251300.0	5150200.0	4448900.0	3449400.0	2977800.0	4498600.0	4576800.0	47832200.0
1991	2235	TRI-COUNTY WATER DISTRICT	-1	Rural Water	0.0	0.0	0.0	0	0	0.0	0.0						3693500.0	3972500.0	5218000.0	4876000.0	5150000.0	4330000.0	4204500.0	5149000.0	3851000.0	3427000.0	3337000.0	4365500.0	51574000.0
1992	2235	TRI-COUNTY WATER DISTRICT	-1	Rural Water	0.0	0.0	0.0	0	0	0.0	0.0						4598000.0	5827000.0	8249000.0	9289000.0	8491000.0	8200000.0	8329000.0	8456000.0	7199000.0	9452000.0	7420000.0	8653000.0	94163000.0
1993	2235	TRI-COUNTY WATER DISTRICT	-1	Rural Water	0.0	0.0	0.0	0	0	0.0	0.0						3745000.0	3309800.0	4815000.0	4496600.0	4860500.0	6407700.0	3895500.0	2197200.0	2247400.0	4025400.0	4167800.0	3993100.0	48161000.0
1994	2235	TRI-COUNTY WATER DISTRICT	-1	Rural Water	0.0	0.0	0.0	0	0	0.0	0.0						4690050.0	3416400.0	4844500.0	3348500.0	4045450.0	4072250.0	4593750.0	4407650.0	4051550.0	3906400.0	5421100.0	3207300.0	50004900.0
1995	2235	TRI-COUNTY WATER DISTRICT	-1	Rural Water	0.0	0.0	0.0	0	0	0.0	0.0						3079150.0	3079150.0	3079150.0	3301750.0	3496500.0	2912000.0	8924900.0	4575300.0	1732200.0	4815600.0	2485200.0	5098950.0	46579850.0
1996	2235	TRI-COUNTY WATER DISTRICT	-1	Rural Water	0.0	0.0	0.0	0	0	0.0	0.0						4531400.0	4907450.0	4643100.0	3006150.0	5823300.0	4818050.0	5842600.0	1697350.0	3541150.0	8188050.0	1428300.0	982650.0	49409550.0
1997	2235	TRI-COUNTY WATER DISTRICT	-1	Rural Water	0.0	0.0	0.0	0	0	0.0	0.0						4119500.0	4079500.0	4197500.0	4922500.0	5295000.0	5618500.0	5034500.0	5258500.0	4471500.0	4982000.0	5728000.0	4890000.0	58597000.0
1998	2235	TRI-COUNTY WATER DISTRICT	-1	Rural Water	0.0	0.0	0.0	0	0	0.0	0.0						2175600.0	2149300.0	2064200.0	2112350.0	2335750.0	3315850.0	3173250.0	3303350.0	2885500.0	3045100.0	2432250.0	2534750.0	31527250.0
1999	2235	TRI-COUNTY WATER DISTRICT	-1	Rural Water	0.0	0.0	0.0	0	0	0.0	0.0						2895350.0	2571700.0	2532350.0	2641500.0	3073150.0	3091200.0	3087900.0	3382700.0	2557300.0	2479850.0	2562050.0	2292550.0	33167600.0
2000	2235	TRI-COUNTY WATER DISTRICT	-1	Rural Water	0.0	0.0	0.0	0	0	0.0	0.0						2751150.0	2478250.0	2455350.0	2641250.0	2566700.0	3398700.0	2943850.0	2557850.0	2935750.0	2405750.0	2195800.0	2688100.0	32018500.0
2001	2235	TRI-COUNTY WATER DISTRICT	-1	Rural Water	0.0	0.0	0.0	0	0	0.0	0.0						2891000.0	2485450.0	2329600.0	2975300.0	2864550.0	2892200.0	2924900.0	3315550.0	2811500.0	2405450.0	2466900.0	2876550.0	33238950.0
2002	2235	TRI-COUNTY WATER DISTRICT	-1	Rural Water	0.0	0.0	0.0	0	0	0.0	0.0						2623450.0	2383800.0	2082700.0	2549150.0	2686950.0	3168950.0	3644500.0	3395050.0	2798450.0	2674000.0	3050250.0	3119850.0	34177100.0
2003	2235	TRI-COUNTY WATER DISTRICT	-1	Rural Water	0.0	0.0	0.0	0	0	0.0	0.0						3113300.0	2461550.0	2876550.0	2383200.0	2541300.0	2683850.0	2844850.0	3920000.0	3299400.0	2751800.0	3051500.0	3276600.0	35203900.0
2004	2235	TRI-COUNTY WATER DISTRICT	-1	Rural Water	0.0	0.0	0.0	0	0	0.0	0.0						3105400.0	3050800.0	2834250.0	2759200.0	3013600.0	2945750.0	4216600.0	3633900.0	3126050.0	2560850.0	2855050.0	2618100.0	36719550.0
2005	2235	TRI-COUNTY WATER DISTRICT	-1	Rural Water	0.0	0.0	0.0	0	0	0.0	0.0						2562450.0	2791450.0	2576450.0	2777600.0	2602500.0	2638350.0	3615950.0	4247900.0	3634700.0	2954000.0	2556450.0	2625900.0	35583700.0
2006	2235	TRI-COUNTY WATER DISTRICT	-1	Rural Water	0.0	0.0	0.0	0	0	0.0	0.0						3257100.0	2857300.0	2680450.0	2859750.0	2767950.0	3745300.0	4445050.0	4349300.0	3551000.0	2684600.0	3766250.0	3166250.0	40130300.0
2007	2235	TRI-COUNTY WATER DISTRICT	-1	Rural Water	0.0	0.0	0.0	0	0	0.0	0.0						3296550.0	3904900.0	4028200.0	4369900.0	3391000.0	3722100.0	4618650.0	3985800.0	3659800.0	3323050.0	3618300.0	3183300.0	45101550.0
2009	2235	TRI-COUNTY WATER DISTRICT	-1	Rural Water	0.0	0.0	0.0	0	0	0.0	0.0						3795650.0	3609000.0	3024050.0	3407450.0	3168900.0	3967800.0	4620350.0	4530450.0	4594350.0	4503850.0	3981000.0	3156000.0	46358850.0
2010	2235	TRI-COUNTY WATER DISTRICT	-1	Rural Water	0.0	0.0	0.0	0	0	0.0	0.0						4036850.0	4161700.0	3964200.0	3921950.0	4054550.0	5163450.0	4462850.0	5413900.0	4476700.0	3494500.0	3850050.0	3409100.0	50409800.0
2012	2235	TRI-COUNTY WATER DISTRICT	-1	Rural Water	0.0	0.0	0.0	0	0	0.0	0.0						3883750.0	4435000.0	3401300.0	3427150.0	3795800.0	4160900.0	5776100.0	6017050.0	6345950.0	3621500.0	3722950.0	3695050.0	52282500.0
2013	2235	TRI-COUNTY WATER DISTRICT	-1	Rural Water	0.0	0.0	0.0	0	0	0.0	0.0						3777350.0	3482000.0	3691800.0	3574850.0	4149550.0	4074550.0	5582650.0	5119150.0	5710000.0	4006200.0	3562850.0	3214250.0	49945200.0
2014	2235	TRI-COUNTY WATER DISTRICT	-1	Rural Water	0.0	0.0	0.0	0	0	0.0	0.0						3822550.0	3675200.0	3455700.0	3347100.0	3392450.0	5011150.0	4684800.0	4741400.0	4884850.0	3450550.0	3500850.0	3696800.0	47663400.0
2015	2235	TRI-COUNTY WATER DISTRICT	-1	Rural Water	0.0	0.0	0.0	0	0	0.0	0.0						4187000.0	3424500.0	3424500.0	4938000.0	4190100.0	4390100.0	5061000.0	5130850.0	4872750.0	4189800.0	4050000.0	3702400.0	51561000.0
2016	2235	TRI-COUNTY WATER DISTRICT	-1	Rural Water	0.0	0.0	0.0	0	0	0.0	0.0						3951500.0	4326950.0	3858750.0	4167350.0	3990700.0	5063700.0	5347850.0	4951950.0	4033550.0	3737650.0	3185750.0	3221250.0	49836950.0
2017	2235	TRI-COUNTY WATER DISTRICT	-1	Rural Water	0.0	0.0	0.0	0	0	0.0	0.0						3874100.0	3555200.0	3260950.0	3942650.0	4045700.0	4697650.0	5705350.0	5378450.0	3677800.0	3831500.0	3568850.0	3770000.0	49308200.0
2018	2235	TRI-COUNTY WATER DISTRICT	-1	Rural Water	0.0	0.0	0.0	0	0	0.0	0.0						3831850.0	3759450.0	3600900.0	3449100.0	4401450.0	4984450.0	5278750.0	5686700.0	4794500.0	4062250.0	3951000.0	3735800.0	51536200.0
2019	2235	TRI-COUNTY WATER DISTRICT	-1	Rural Water	0.0	0.0	0.0	0	0	0.0	0.0						3776650.0	3905250.0	3383000.0	3679050.0	4158650.0	4749400.0	5916100.0	5298800.0	4401150.0	4240200.0	3097150.0	3135700.0	49741100.0
2020	2235	TRI-COUNTY WATER DISTRICT	-1	Rural Water	0.0	0.0	0.0	0	0	0.0	0.0						4296500.0	3981400.0	4003000.0	4526100.0	4121200.0	4392100.0	4358200.0	4368200.0	4484200.0	5096000.0	4139200.0	4556500.0	52322600.0
2021	2235	TRI-COUNTY WATER DISTRICT	-1	Rural Water	0.0	0.0	0.0	0	0	0.0	0.0						4300000.0	3981400.0	4003000.0	4526100.0	4121200.0	4392100.0	4358200.0	4368200.0	4484200.0	5096000.0	4139200.0	4556500.0	52326100.0
2022	2235	TRI-COUNTY WATER DISTRICT	-1	Rural Water	0.0	0.0	0.0	0	0	0.0	0.0						4300000.0	3724000.0	3879000.0	4226100.0	4080000.0	4287200.0	4162300.0	4371500.0	4572000.0	4043000.0	4276400.0	4232700.0	50154200.0
2023	2235	TRI-COUNTY WATER DISTRICT	-1	Rural Water	0.0	0.0	0.0	0	0	0.0	0.0						4300000.0	3724000.0	3879000.0	4226100.0	4080000.0	42872.0	4162300.0	4371500.0	4572000.0	4043000.0	4276400.0	4232700.0	50154200.0
1979	2497	EAST CENTRAL REGIONAL WATER DISTRICT	-1	Rural Water	0.0	0.0	0.0	0	0	0.0	0.0						34800.0	70700.0	4400.0	1778100.0	2150200.0	2405100.0	2197400.0	4474200.0	4678500.0	3527000.0	0.0	0.0	21320400.0
1980	2497	EAST CENTRAL REGIONAL WATER DISTRICT	-1	Rural Water	0.0	0.0	0.0	0	0	0.0	0.0						5085000.0	2394800.0	3289200.0	1469900.0	861100.0	3545700.0	3705200.0	4724400.0	7794700.0	5182000.0	4479700.0	6613200.0	49144900.0
1981	2497	EAST CENTRAL REGIONAL WATER DISTRICT	-1	Rural Water	0.0	0.0	0.0	0	0	0.0	0.0						7050000.0	4004500.0	1081700.0	2128700.0	7186000.0	5214300.0	6596300.0	6550600.0	3405800.0	4224100.0	3495700.0	387200.0	51324900.0
1982	2497	EAST CENTRAL REGIONAL WATER DISTRICT	-1	Rural Water	0.0	0.0	0.0	0	0	0.0	0.0						259200.0	2259200.0	2900500.0	3233900.0	2642100.0	1073900.0	4302200.0	4833000.0	2691000.0	122200.0	36600.0	79400.0	24433200.0
1983	2497	EAST CENTRAL REGIONAL WATER DISTRICT	-1	Rural Water	0.0	0.0	0.0	0	0	0.0	0.0						17000.0	284800.0	4594500.0	1494000.0	1300.0	6500000.0	5093500.0	2628000.0	5185700.0	277400.0	82900.0	474300.0	26633400.0
1984	2497	EAST CENTRAL REGIONAL WATER DISTRICT	-1	Rural Water	0.0	0.0	0.0	0	0	0.0	0.0						1928700.0	3461900.0	21100.0	1817800.0	4349400.0	156900.0	3293300.0	84800.0	4984000.0	2682900.0	1117200.0	78100.0	23976100.0
1985	2497	EAST CENTRAL REGIONAL WATER DISTRICT	-1	Rural Water	0.0	0.0	0.0	0	0	0.0	0.0						7728000.0	2994000.0	6002000.0	1698000.0	5180000.0	3553000.0	5971000.0	4528000.0	1384000.0	6565000.0	7241000.0	10785000.0	63629000.0
1986	2497	EAST CENTRAL REGIONAL WATER DISTRICT	-1	Rural Water	0.0	0.0	0.0	0	0	0.0	0.0						4066000.0	3380000.0	98000.0	305000.0	1634000.0	5521000.0	4862000.0	462500.0	1070000.0	3375000.0	576000.0	112000.0	25461500.0
1987	2497	EAST CENTRAL REGIONAL WATER DISTRICT	-1	Rural Water	0.0	0.0	0.0	0	0	0.0	0.0						3186700.0	923500.0	459000.0	2853300.0	5586200.0	4850400.0	216100.0	265100.0	15000.0	0.0	0.0	1658500.0	20013800.0
1988	2497	EAST CENTRAL REGIONAL WATER DISTRICT	-1	Rural Water	0.0	0.0	0.0	0	0	0.0	0.0						4374600.0	4490700.0	4709100.0	2883400.0	861600.0	2844900.0	1010100.0	996220.0	4208780.0	1241100.0	321200.0	2961300.0	30903000.0
1989	2497	EAST CENTRAL REGIONAL WATER DISTRICT	-1	Rural Water	0.0	0.0	0.0	0	0	0.0	0.0						0.0	0.0	0.0	0.0	10231000.0	6673000.0	1026400.0	2748400.0	2068700.0	966900.0	810600.0	2154400.0	26679400.0
1990	2497	EAST CENTRAL REGIONAL WATER DISTRICT	-1	Rural Water	0.0	0.0	0.0	0	0	0.0	0.0						4118900.0	1492600.0	1400500.0	1114600.0	2802700.0	3023200.0	2510700.0	1364200.0	1300.0	372100.0	364900.0	829000.0	19394700.0
1991	2497	EAST CENTRAL REGIONAL WATER DISTRICT	-1	Rural Water	0.0	0.0	0.0	0	0	0.0	0.0						1148000.0	136800.0	2083000.0	328700.0	429100.0	42000.0	1328900.0	3227700.0	2630700.0	3042000.0	108800.0	3196400.0	17702100.0
1992	2497	EAST CENTRAL REGIONAL WATER DISTRICT	-1	Rural Water	0.0	0.0	0.0	0	0	0.0	0.0						2624100.0	3045700.0	2647600.0	3822400.0	3727700.0	2638500.0	3387100.0	2672900.0	3275300.0	952200.0	981900.0	1212900.0	30988300.0
1993	2497	EAST CENTRAL REGIONAL WATER DISTRICT	-1	Rural Water	0.0	0.0	0.0	0	0	0.0	0.0						1563400.0	1475400.0	1817700.0	3044800.0	1892800.0	1823500.0	1358700.0	2111600.0	2182200.0	1962100.0	1516600.0	495500.0	21244300.0
1994	2497	EAST CENTRAL REGIONAL WATER DISTRICT	-1	Rural Water	0.0	0.0	0.0	0	0	0.0	0.0						2067900.0	4020200.0	4500600.0	1045800.0	510400.0	2219500.0	1415500.0	1068600.0	639800.0	1628300.0	736600.0	4356000.0	24209200.0
1995	2497	EAST CENTRAL REGIONAL WATER DISTRICT	-1	Rural Water	0.0	0.0	0.0	0	0	0.0	0.0						5883400.0	5172800.0	4787800.0	3098200.0	1199600.0	2738200.0	5328800.0	2880600.0	0.0	0.0	3745300.0	1332000.0	36166700.0
1996	2497	EAST CENTRAL REGIONAL WATER DISTRICT	-1	Rural Water	0.0	0.0	0.0	0	0	0.0	0.0						3411000.0	3051400.0	3247600.0	3737400.0	4370700.0	3401600.0	1539000.0	2272800.0	2095600.0	3332700.0	1185100.0	2552800.0	34197700.0
1997	2497	EAST CENTRAL REGIONAL WATER DISTRICT	-1	Rural Water	0.0	0.0	0.0	0	0	0.0	0.0						5269000.0	603700.0	2331000.0	2173000.0	905000.0	5167700.0	1701200.0	159800.0	142300.0	3467500.0	4493000.0	802700.0	27215900.0
1998	2497	EAST CENTRAL REGIONAL WATER DISTRICT	-1	Rural Water	0.0	0.0	0.0	0	0	0.0	0.0						110300.0	5100.0	2714600.0	1873900.0	4955200.0	6836700.0	6746200.0	4565900.0	2476900.0	2355700.0	2317000.0	5784300.0	40741800.0
1999	2497	EAST CENTRAL REGIONAL WATER DISTRICT	-1	Rural Water	0.0	0.0	0.0	0	0	0.0	0.0						2699500.0	5646700.0	4133100.0	2124100.0	2638500.0	10429100.0	1294000.0	1680000.0	2528200.0	2019900.0	822300.0	3139000.0	39154400.0
2000	2497	EAST CENTRAL REGIONAL WATER DISTRICT	-1	Rural Water	0.0	0.0	0.0	0	0	0.0	0.0						4729000.0	4133900.0	4425100.0	4952100.0	5309600.0	5182500.0	1170900.0	4662200.0	4039600.0	1926700.0	1870000.0	3222400.0	45624000.0
2001	2497	EAST CENTRAL REGIONAL WATER DISTRICT	-1	Rural Water	0.0	0.0	0.0	0	0	0.0	0.0						4428100.0	397900.0	0.0	1886600.0	1026400.0	1557600.0	3557900.0	4451000.0	431300.0	552800.0	368700.0	464100.0	19122400.0
2002	2497	EAST CENTRAL REGIONAL WATER DISTRICT	-1	Rural Water	0.0	0.0	0.0	0	0	0.0	0.0						3989900.0	62400.0	106500.0	1365900.0	5385400.0	1136500.0	1314900.0	2721600.0	4174800.0	4304500.0	1439200.0	429300.0	26430900.0
2003	2497	EAST CENTRAL REGIONAL WATER DISTRICT	-1	Rural Water	0.0	0.0	0.0	0	0	0.0	0.0						625700.0	776800.0	80400.0	3276700.0	2251700.0	2065600.0	4427700.0	5537500.0	5175800.0	4515500.0	237500.0	14000.0	28984900.0
2004	2497	EAST CENTRAL REGIONAL WATER DISTRICT	-1	Rural Water	0.0	0.0	0.0	0	0	0.0	0.0						572600.0	182500.0	601500.0	1592500.0	4649700.0	4589200.0	4589000.0	879600.0	690700.0	1934000.0	1934100.0	7264500.0	29479900.0
2005	2497	EAST CENTRAL REGIONAL WATER DISTRICT	-1	Rural Water	0.0	0.0	0.0	0	0	0.0	0.0						98200.0	375700.0	500000.0	99000.0	6000.0	0.0	1760424.0	239576.0	3000000.0	3000000.0	4391813.0	492501.0	13963214.0
2006	2497	EAST CENTRAL REGIONAL WATER DISTRICT	-1	Rural Water	0.0	0.0	0.0	0	0	0.0	0.0						994118.0	556638.0	102614.0	2287296.0	3825904.0	5486654.0	0.0	11262782.0	1552820.0	445284.0	337348.0	1264228.0	28115686.0
2007	2497	EAST CENTRAL REGIONAL WATER DISTRICT	-1	Rural Water	0.0	0.0	0.0	0	0	0.0	0.0						360304.0	881000.0	1436000.0	234000.0	1482000.0	1887000.0	1798000.0	5072000.0	8761000.0	220000.0	496000.0	36000.0	22663304.0
2008	2497	EAST CENTRAL REGIONAL WATER DISTRICT	-1	Rural Water	0.0	0.0	0.0	0	0	0.0	0.0						13700.0	3779860.0	183460.0	47488.0	39508.0	3508932.0	3119408.0	982064.0	2986280.0	2285944.0	3860376.0	5548464.0	26355484.0
2009	2497	EAST CENTRAL REGIONAL WATER DISTRICT	-1	Rural Water	0.0	0.0	0.0	0	0	0.0	0.0						3146200.0	7100000.0	4000000.0	3001000.0	3129770.0	3812338.0	10481.0	989191.0	292145.0	1026458.0	100280.0	869.0	26608732.0
2011	2497	EAST CENTRAL REGIONAL WATER DISTRICT	-1	Rural Water	0.0	0.0	0.0	0	0	0.0	0.0						667077.0	113731.0	5017480.0	4358926.0	5709866.0	4448042.0	4311744.0	6046816.0	5579484.0	566028.0	813096.0	81424.0	37713714.0
2012	2497	EAST CENTRAL REGIONAL WATER DISTRICT	-1	Rural Water	0.0	0.0	0.0	0	0	0.0	0.0						107952.0	9368.0	64512.0	41000.0	1665832.0	5583432.0	7188200.0	11988800.0	4876100.0	6910700.0	4009008.0	4380624.0	46825528.0
2013	2497	EAST CENTRAL REGIONAL WATER DISTRICT	-1	Rural Water	0.0	0.0	0.0	0	0	0.0	0.0						1914264.0	2616.0	296.0	5720.0	2942152.0	4387111.0	5444610.0	5018464.0	4723037.0	4188332.0	4461678.0	409050.0	33497330.0
2014	2497	EAST CENTRAL REGIONAL WATER DISTRICT	-1	Rural Water	0.0	0.0	0.0	0	0	0.0	0.0						79904.0	94890.0	309218.0	85626.0	4133082.0	3365362.0	1666112.0	1134604.0	473832.0	254700.0	211648.0	100468.0	11909446.0
2015	2497	EAST CENTRAL REGIONAL WATER DISTRICT	-1	Rural Water	0.0	0.0	0.0	0	0	0.0	0.0						524.0	267916.0	457944.0	558632.0	885080.0	2524368.0	2089984.0	1887888.0	1205984.0	4260984.0	3930120.0	642848.0	18712272.0
2016	2497	EAST CENTRAL REGIONAL WATER DISTRICT	-1	Rural Water	0.0	0.0	0.0	0	0	0.0	0.0						3448516.0	2560720.0	943276.0	169792.0	1465892.0	1485580.0	1118656.0	595120.0	72320.0	217560.0	99040.0	168464.0	12344936.0
2017	2497	EAST CENTRAL REGIONAL WATER DISTRICT	-1	Rural Water	0.0	0.0	0.0	0	0	0.0	0.0						58248.0	16558.0	94170.0	806620.0	706260.0	1399680.0	1504090.0	1047650.0	223200.0	52500.0	10.0	10.0	5908996.0
2018	2497	EAST CENTRAL REGIONAL WATER DISTRICT	-1	Rural Water	0.0	0.0	0.0	0	0	0.0	0.0						11380.0	220.0	20.0	0.0	756190.0	1335130.0	1314250.0	855310.0	102420.0	601540.0	240530.0	0.0	5216990.0
2019	2497	EAST CENTRAL REGIONAL WATER DISTRICT	-1	Rural Water	0.0	0.0	0.0	0	0	0.0	0.0						460090.0	601590.0	1198820.0	1083060.0	1449980.0	2956870.0	2269700.0	1529150.0	969450.0	1641650.0	1718120.0	1310520.0	17189000.0
2020	2497	EAST CENTRAL REGIONAL WATER DISTRICT	-1	Rural Water	0.0	0.0	0.0	0	0	0.0	0.0						1199190.0	1229500.0	1058500.0	1502500.0	3559300.0	4029400.0	3391400.0	3431800.0	3031800.0	2409400.0	1605000.0	1711500.0	28159290.0
2021	2497	EAST CENTRAL REGIONAL WATER DISTRICT	-1	Rural Water	0.0	0.0	0.0	0	0	0.0	0.0						2806300.0	3795700.0	2907000.0	3103800.0	4002600.0	4695000.0	2150900.0	4642800.0	3798200.0	3347400.0	2372500.0	2853300.0	40475500.0
2022	2497	EAST CENTRAL REGIONAL WATER DISTRICT	-1	Rural Water	0.0	0.0	0.0	0	0	0.0	0.0						4229300.0	4229300.0	4944700.0	4777500.0	4793000.0	4951500.0	4948900.0	5044600.0	4760600.0	4941700.0	4520700.0	4530100.0	56671900.0
2023	2497	EAST CENTRAL REGIONAL WATER DISTRICT	-1	Rural Water	0.0	0.0	0.0	0	0	0.0	0.0						4520000.0	3978100.0	4733400.0	4381500.0	4148300.0	2658100.0	4340700.0	4182800.0	705700.0	1133000.0	3339800.0	4443700.0	42565100.0
1979	3095	EAST CENTRAL REGIONAL WATER DISTRICT	-1	Rural Water	0.0	0.0	0.0	0	0	0.0	0.0						5954700.0	1666200.0	1413700.0	7223700.0	8591300.0	9557600.0	10643200.0	2766300.0	4694600.0	2881400.0	3469400.0	7179400.0	66041500.0
1980	3095	EAST CENTRAL REGIONAL WATER DISTRICT	-1	Rural Water	0.0	0.0	0.0	0	0	0.0	0.0						1716900.0	10132600.0	9407000.0	5914000.0	15657500.0	11910400.0	9688900.0	5682300.0	5634900.0	6724000.0	7022800.0	3686000.0	93177300.0
1981	3095	EAST CENTRAL REGIONAL WATER DISTRICT	-1	Rural Water	0.0	0.0	0.0	0	0	0.0	0.0						3288300.0	4858000.0	4467400.0	4863100.0	7440100.0	11267600.0	10173500.0	9328200.0	6941000.0	8671000.0	5483100.0	4538600.0	81319900.0
1982	3095	EAST CENTRAL REGIONAL WATER DISTRICT	-1	Rural Water	0.0	0.0	0.0	0	0	0.0	0.0						2657400.0	5065800.0	6639100.0	4759000.0	3287900.0	1930200.0	5031000.0	5707000.0	3100000.0	1123600.0	5256800.0	4342000.0	48899800.0
1983	3095	EAST CENTRAL REGIONAL WATER DISTRICT	-1	Rural Water	0.0	0.0	0.0	0	0	0.0	0.0						1833500.0	476500.0	4327300.0	1878700.0	4724500.0	5227400.0	5509900.0	3406700.0	2677600.0	5529300.0	2347000.0	4328900.0	42267300.0
1984	3095	EAST CENTRAL REGIONAL WATER DISTRICT	-1	Rural Water	0.0	0.0	0.0	0	0	0.0	0.0						3224100.0	5149000.0	6673900.0	2558000.0	5689000.0	3571000.0	2389100.0	4508000.0	2083400.0	0.0	176900.0	993600.0	37016000.0
1985	3095	EAST CENTRAL REGIONAL WATER DISTRICT	-1	Rural Water	0.0	0.0	0.0	0	0	0.0	0.0						9034000.0	3037000.0	6145000.0	7096000.0	5441000.0	6453000.0	6930000.0	2868000.0	7475000.0	2290000.0	216000.0	831000.0	57816000.0
1986	3095	EAST CENTRAL REGIONAL WATER DISTRICT	-1	Rural Water	0.0	0.0	0.0	0	0	0.0	0.0						1180000.0	3692000.0	1581000.0	3120900.0	3731000.0	4144000.0	5123000.0	9191000.0	7002000.0	1896300.0	6270000.0	5392000.0	52323200.0
1987	3095	EAST CENTRAL REGIONAL WATER DISTRICT	-1	Rural Water	0.0	0.0	0.0	0	0	0.0	0.0						5605100.0	7097400.0	7257100.0	6849100.0	5548600.0	7064000.0	4457300.0	3419800.0	4760400.0	1820100.0	3446200.0	4800700.0	62125800.0
1988	3095	EAST CENTRAL REGIONAL WATER DISTRICT	-1	Rural Water	0.0	0.0	0.0	0	0	0.0	0.0						5900300.0	6854200.0	7273000.0	6525300.0	10298500.0	7389600.0	7065700.0	6787000.0	8157700.0	7331300.0	5293000.0	92600.0	78968200.0
1989	3095	EAST CENTRAL REGIONAL WATER DISTRICT	-1	Rural Water	0.0	0.0	0.0	0	0	0.0	0.0						1700.0	30300.0	5282300.0	4023700.0	7983600.0	8865400.0	11450200.0	9197400.0	8017100.0	8374900.0	9426600.0	5119000.0	77772200.0
1990	3095	EAST CENTRAL REGIONAL WATER DISTRICT	-1	Rural Water	0.0	0.0	0.0	0	0	0.0	0.0						2778200.0	3259200.0	3918500.0	4141900.0	5412200.0	5412200.0	7275000.0	9324400.0	8262700.0	4057100.0	2022900.0	1067300.0	56931600.0
1991	3095	EAST CENTRAL REGIONAL WATER DISTRICT	-1	Rural Water	0.0	0.0	0.0	0	0	0.0	0.0						9620100.0	8251700.0	9038800.0	11607900.0	10089500.0	2233900.0	407300.0	2671900.0	4151000.0	5096400.0	3686300.0	3600700.0	70455500.0
1992	3095	EAST CENTRAL REGIONAL WATER DISTRICT	-1	Rural Water	0.0	0.0	0.0	0	0	0.0	0.0						789700.0	1820600.0	8446500.0	9733400.0	3972200.0	1157000.0	5660900.0	9248800.0	9182300.0	5872300.0	6768600.0	6710400.0	69362700.0
1993	3095	EAST CENTRAL REGIONAL WATER DISTRICT	-1	Rural Water	0.0	0.0	0.0	0	0	0.0	0.0						4755400.0	4032400.0	4639100.0	7362600.0	5337500.0	7604200.0	4341900.0	5418800.0	5052700.0	8489800.0	8806500.0	5901800.0	71742700.0
1994	3095	EAST CENTRAL REGIONAL WATER DISTRICT	-1	Rural Water	0.0	0.0	0.0	0	0	0.0	0.0						4383700.0	3773900.0	3702900.0	4409000.0	5503700.0	363100.0	45400.0	7307700.0	11917100.0	8588200.0	7486000.0	2565400.0	60046100.0
1995	3095	EAST CENTRAL REGIONAL WATER DISTRICT	-1	Rural Water	0.0	0.0	0.0	0	0	0.0	0.0						4187600.0	4053600.0	2513500.0	309200.0	7364200.0	8080100.0	3606500.0	3602000.0	2950700.0	4115600.0	9922800.0	8684700.0	59390500.0
1996	3095	EAST CENTRAL REGIONAL WATER DISTRICT	-1	Rural Water	0.0	0.0	0.0	0	0	0.0	0.0						25052200.0	23257200.0	4716600.0	5784300.0	2081800.0	7028400.0	6011100.0	7957300.0	8068500.0	11489200.0	8099700.0	10116200.0	119662500.0
1997	3095	EAST CENTRAL REGIONAL WATER DISTRICT	-1	Rural Water	0.0	0.0	0.0	0	0	0.0	0.0						5489900.0	4113100.0	3842000.0	9088000.0	4059900.0	2484700.0	4794800.0	3022400.0	10183900.0	9036500.0	6954200.0	3125600.0	66195000.0
1998	3095	EAST CENTRAL REGIONAL WATER DISTRICT	-1	Rural Water	0.0	0.0	0.0	0	0	0.0	0.0						1114700.0	1020100.0	2395900.0	1156000.0	3902800.0	3914800.0	4753500.0	6246000.0	7352600.0	9331600.0	3800300.0	6342000.0	51330300.0
1999	3095	EAST CENTRAL REGIONAL WATER DISTRICT	-1	Rural Water	0.0	0.0	0.0	0	0	0.0	0.0						6216800.0	1227200.0	11119800.0	8293000.0	11726800.0	8310100.0	9428400.0	7088000.0	7653700.0	12762100.0	9024300.0	855900.0	93706100.0
2000	3095	EAST CENTRAL REGIONAL WATER DISTRICT	-1	Rural Water	0.0	0.0	0.0	0	0	0.0	0.0						5321800.0	1707300.0	2226200.0	163300.0	1335700.0	1143100.0	5176100.0	7877600.0	1867100.0	2205600.0	1936200.0	4708800.0	35668800.0
2001	3095	EAST CENTRAL REGIONAL WATER DISTRICT	-1	Rural Water	0.0	0.0	0.0	0	0	0.0	0.0						2442500.0	5220500.0	477300.0	15289402.0	6199900.0	6679200.0	4104800.0	1940300.0	7319300.0	10136000.0	6599000.0	5079600.0	71487802.0
2002	3095	EAST CENTRAL REGIONAL WATER DISTRICT	-1	Rural Water	0.0	0.0	0.0	0	0	0.0	0.0						759300.0	5049200.0	5535800.0	11036200.0	10774300.0	8540600.0	13535500.0	10103500.0	5561800.0	4418300.0	2491400.0	5511000.0	83316900.0
2003	3095	EAST CENTRAL REGIONAL WATER DISTRICT	-1	Rural Water	0.0	0.0	0.0	0	0	0.0	0.0						1301200.0	5762100.0	7107100.0	453500.0	4963700.0	4749200.0	1060100.0	1524400.0	73100.0	304900.0	5432000.0	7363400.0	40094700.0
2004	3095	EAST CENTRAL REGIONAL WATER DISTRICT	-1	Rural Water	0.0	0.0	0.0	0	0	0.0	0.0						6135300.0	4780600.0	10599000.0	4412000.0	65600.0	5067100.0	4007200.0	7136000.0	767900.0	637600.0	737700.0	99000.0	44445000.0
2005	3095	EAST CENTRAL REGIONAL WATER DISTRICT	-1	Rural Water	0.0	0.0	0.0	0	0	0.0	0.0						162754.0	134633.0	1605356.0	0.0	5818061.0	4836606.0	4193843.0	925134.0	1201000.0	7400000.0	6533511.0	3914020.0	36724918.0
2006	3095	EAST CENTRAL REGIONAL WATER DISTRICT	-1	Rural Water	0.0	0.0	0.0	0	0	0.0	0.0						4765974.0	1107543.0	4798041.0	761116.0	1361874.0	1301106.0	8216305.0	2449176.0	4423381.0	4085390.0	4941492.0	14848077.0	53059475.0
2007	3095	EAST CENTRAL REGIONAL WATER DISTRICT	-1	Rural Water	0.0	0.0	0.0	0	0	0.0	0.0						316000.0	3610000.0	1740000.0	8300000.0	4520000.0	6300000.0	6720000.0	2004000.0	4300000.0	8721000.0	6942000.0	4963000.0	58436000.0
2008	3095	EAST CENTRAL REGIONAL WATER DISTRICT	-1	Rural Water	0.0	0.0	0.0	0	0	0.0	0.0						11227634.0	1782254.0	972042.0	18116.0	886256.0	7597646.0	7575855.0	4892526.0	4855833.0	5569881.0	6140587.0	9633127.0	61151757.0
2009	3095	EAST CENTRAL REGIONAL WATER DISTRICT	-1	Rural Water	0.0	0.0	0.0	0	0	0.0	0.0						7109174.0	7943600.0	6146400.0	6200000.0	5997680.0	8910498.0	4806360.0	3256620.0	3087186.0	8526479.0	10902021.0	4879184.0	77765202.0
2011	3095	EAST CENTRAL REGIONAL WATER DISTRICT	-1	Rural Water	0.0	0.0	0.0	0	0	0.0	0.0						8080468.0	11079734.0	1258364.0	1057006.0	305921.0	181829.0	3649011.0	3709031.0	6525966.0	7829856.0	10918660.0	10796007.0	65391853.0
2012	3095	EAST CENTRAL REGIONAL WATER DISTRICT	-1	Rural Water	0.0	0.0	0.0	0	0	0.0	0.0						10070277.0	9672807.0	9213286.0	7413053.0	9260062.0	9814233.0	11316369.0	11706449.0	7430226.0	9156824.0	5310178.0	4388759.0	104752523.0
2013	3095	EAST CENTRAL REGIONAL WATER DISTRICT	-1	Rural Water	0.0	0.0	0.0	0	0	0.0	0.0						18913352.0	10449188.0	12650672.0	4126647.0	4238587.0	1286098.0	2538886.0	6542800.0	2442424.0	5118452.0	6194568.0	11984048.0	86485722.0
2014	3095	EAST CENTRAL REGIONAL WATER DISTRICT	-1	Rural Water	0.0	0.0	0.0	0	0	0.0	0.0						8488788.0	1996520.0	5287152.0	4474156.0	5626120.0	8169120.0	14122064.0	10199492.0	9824490.0	11169570.0	10751284.0	10723742.0	100832498.0
2015	3095	EAST CENTRAL REGIONAL WATER DISTRICT	-1	Rural Water	0.0	0.0	0.0	0	0	0.0	0.0						10909220.0	9849291.0	8964023.0	9707488.0	8481300.0	11139330.0	8963320.0	7215586.0	7413690.0	9802256.0	10522242.0	9758556.0	112726302.0
2016	3095	EAST CENTRAL REGIONAL WATER DISTRICT	-1	Rural Water	0.0	0.0	0.0	0	0	0.0	0.0						9613540.0	11759804.0	7127284.0	6582596.0	8301168.0	8311948.0	9859684.0	12659944.0	9886229.0	12157552.0	10073852.0	10202135.0	116535736.0
2017	3095	EAST CENTRAL REGIONAL WATER DISTRICT	-1	Rural Water	0.0	0.0	0.0	0	0	0.0	0.0						8594468.0	8087210.0	7138310.0	11887720.0	5578550.0	2273730.0	3140410.0	2224380.0	464460.0	113190.0	0.0	0.0	49502428.0
2018	3095	EAST CENTRAL REGIONAL WATER DISTRICT	-1	Rural Water	0.0	0.0	0.0	0	0	0.0	0.0						29330.0	11370.0	0.0	2750.0	1522080.0	2806640.0	2849440.0	3414430.0	1502450.0	1309790.0	356970.0	0.0	13805250.0
2019	3095	EAST CENTRAL REGIONAL WATER DISTRICT	-1	Rural Water	0.0	0.0	0.0	0	0	0.0	0.0						714500.0	560800.0	1132000.0	966380.0	2079860.0	4038020.0	5803600.0	5768620.0	4634460.0	5124300.0	6068600.0	5934960.0	42826100.0
2020	3095	EAST CENTRAL REGIONAL WATER DISTRICT	-1	Rural Water	0.0	0.0	0.0	0	0	0.0	0.0						5291440.0	5654600.0	5274490.0	5313020.0	5843100.0	5910900.0	5681900.0	6635600.0	6179900.0	5823900.0	6571700.0	6145700.0	70326250.0
2021	3095	EAST CENTRAL REGIONAL WATER DISTRICT	-1	Rural Water	0.0	0.0	0.0	0	0	0.0	0.0						3708150.0	4147950.0	6619100.0	8364400.0	6204850.0	10022600.0	8676500.0	8914300.0	6923550.0	5260600.0	4671500.0	4620600.0	78134100.0
2022	3095	EAST CENTRAL REGIONAL WATER DISTRICT	-1	Rural Water	0.0	0.0	0.0	0	0	0.0	0.0						4012150.0	4014650.0	7028300.0	7122300.0	7591300.0	8135800.0	5840300.0	4541100.0	4765800.0	4284000.0	4569600.0	5751600.0	67656900.0
2023	3095	EAST CENTRAL REGIONAL WATER DISTRICT	-1	Rural Water	0.0	0.0	0.0	0	0	0.0	0.0						3010251.0	3781151.0	6048151.0	6105851.0	7209951.0	6652451.0	8249024.0	4481531.0	10087971.0	2250302.0	5753170.0	10833204.0	74463008.0
1979	3188	EAST CENTRAL REGIONAL WATER DISTRICT	-1	Rural Water	0.0	0.0	0.0	0	0	0.0	0.0						275300.0	2576700.0	3756400.0	1981200.0	2680300.0	1770070.0	2817900.0	3927800.0	1123100.0	2281400.0	4642200.0	1997800.0	29830170.0
1980	3188	EAST CENTRAL REGIONAL WATER DISTRICT	-1	Rural Water	0.0	0.0	0.0	0	0	0.0	0.0						1355600.0	309500.0	537100.0	2026900.0	6841800.0	5291800.0	4528700.0	4513900.0	100100.0	115800.0	122700.0	99700.0	25843600.0
1981	3188	EAST CENTRAL REGIONAL WATER DISTRICT	-1	Rural Water	0.0	0.0	0.0	0	0	0.0	0.0						2397400.0	5369700.0	6675400.0	6430500.0	3395600.0	6686500.0	1011200.0	4019600.0	1519000.0	1788100.0	3431800.0	652800.0	43377600.0
1982	3188	EAST CENTRAL REGIONAL WATER DISTRICT	-1	Rural Water	0.0	0.0	0.0	0	0	0.0	0.0						0.0	19100.0	92000.0	17200.0	214200.0	2096000.0	1172000.0	1517000.0	685000.0	725100.0	2395600.0	1674900.0	10608100.0
1983	3188	EAST CENTRAL REGIONAL WATER DISTRICT	-1	Rural Water	0.0	0.0	0.0	0	0	0.0	0.0						993100.0	1574600.0	53000.0	3181900.0	1102500.0	674600.0	886900.0	3062000.0	819200.0	1269000.0	819300.0	401000.0	14837100.0
1984	3188	EAST CENTRAL REGIONAL WATER DISTRICT	-1	Rural Water	0.0	0.0	0.0	0	0	0.0	0.0						600400.0	2623000.0	1504800.0	3053600.0	0.0	2327200.0	22200.0	94100.0	865500.0	465700.0	1258900.0	4112600.0	16928000.0
1985	3188	EAST CENTRAL REGIONAL WATER DISTRICT	-1	Rural Water	0.0	0.0	0.0	0	0	0.0	0.0						2780000.0	1054000.0	1503000.0	701000.0	1578000.0	2460000.0	2370000.0	133000.0	13000.0	435000.0	553000.0	749000.0	14329000.0
1986	3188	EAST CENTRAL REGIONAL WATER DISTRICT	-1	Rural Water	0.0	0.0	0.0	0	0	0.0	0.0						64000.0	263000.0	1115000.0	64000.0	1796000.0	363000.0	673000.0	1017000.0	128900.0	131000.0	2023000.0	310000.0	7947900.0
1987	3188	EAST CENTRAL REGIONAL WATER DISTRICT	-1	Rural Water	0.0	0.0	0.0	0	0	0.0	0.0						976400.0	1049300.0	4651800.0	1490200.0	391000.0	404500.0	108000.0	843000.0	637700.0	374000.0	86100.0	317400.0	11329400.0
1988	3188	EAST CENTRAL REGIONAL WATER DISTRICT	-1	Rural Water	0.0	0.0	0.0	0	0	0.0	0.0						766700.0	2123200.0	1831800.0	1961900.0	3236200.0	691900.0	322300.0	2479100.0	1209000.0	3502000.0	3350600.0	5646000.0	27120700.0
1989	3188	EAST CENTRAL REGIONAL WATER DISTRICT	-1	Rural Water	0.0	0.0	0.0	0	0	0.0	0.0						4027000.0	421000.0	287000.0	2728600.0	899500.0	3500000.0	3965900.0	4086000.0	3020100.0	3801900.0	3430400.0	3534900.0	33702300.0
1990	3188	EAST CENTRAL REGIONAL WATER DISTRICT	-1	Rural Water	0.0	0.0	0.0	0	0	0.0	0.0						2138000.0	1503900.0	2297100.0	3848500.0	4492500.0	3671800.0	2556200.0	1334300.0	800.0	411700.0	1992100.0	1668600.0	25915500.0
1991	3188	EAST CENTRAL REGIONAL WATER DISTRICT	-1	Rural Water	0.0	0.0	0.0	0	0	0.0	0.0						3513700.0	2195300.0	2721900.0	1207900.0	7900.0	2804900.0	1785100.0	1901900.0	1396700.0	1968700.0	2656500.0	2253800.0	24414300.0
1992	3188	EAST CENTRAL REGIONAL WATER DISTRICT	-1	Rural Water	0.0	0.0	0.0	0	0	0.0	0.0						1646100.0	1709800.0	772200.0	1131700.0	962200.0	2650400.0	3233900.0	5304700.0	5085000.0	3723400.0	4790900.0	6472900.0	37483200.0
1993	3188	EAST CENTRAL REGIONAL WATER DISTRICT	-1	Rural Water	0.0	0.0	0.0	0	0	0.0	0.0						6018900.0	6361400.0	1375800.0	2346500.0	3256500.0	5555000.0	1882900.0	2261800.0	3119400.0	4226900.0	368000.0	7016400.0	43789500.0
1994	3188	EAST CENTRAL REGIONAL WATER DISTRICT	-1	Rural Water	0.0	0.0	0.0	0	0	0.0	0.0						3044700.0	3899200.0	4813000.0	4010800.0	8018000.0	5674500.0	5502600.0	4878600.0	5188400.0	5595100.0	4917200.0	4990900.0	60533000.0
1995	3188	EAST CENTRAL REGIONAL WATER DISTRICT	-1	Rural Water	0.0	0.0	0.0	0	0	0.0	0.0						5721300.0	5047800.0	5492100.0	5227500.0	4849700.0	4879200.0	3647400.0	4721800.0	5770500.0	5696300.0	4135700.0	5329600.0	60518900.0
1996	3188	EAST CENTRAL REGIONAL WATER DISTRICT	-1	Rural Water	0.0	0.0	0.0	0	0	0.0	0.0						3847400.0	3344800.0	4077600.0	2537600.0	3163600.0	4709900.0	2163800.0	3542600.0	2939500.0	762300.0	574500.0	22200.0	31685800.0
1997	3188	EAST CENTRAL REGIONAL WATER DISTRICT	-1	Rural Water	0.0	0.0	0.0	0	0	0.0	0.0						2661300.0	2133200.0	5680000.0	3093000.0	4480900.0	2472000.0	877000.0	54000.0	1115400.0	976300.0	1413300.0	5113000.0	30069400.0
1998	3188	EAST CENTRAL REGIONAL WATER DISTRICT	-1	Rural Water	0.0	0.0	0.0	0	0	0.0	0.0						5836300.0	3646200.0	5328600.0	1259000.0	5383800.0	4510500.0	4557000.0	4082800.0	4892400.0	4611500.0	2343200.0	2982600.0	49433900.0
1999	3188	EAST CENTRAL REGIONAL WATER DISTRICT	-1	Rural Water	0.0	0.0	0.0	0	0	0.0	0.0						1705600.0	0.0	0.0	0.0	0.0	0.0	0.0	1106200.0	964600.0	1654900.0	429900.0	3911000.0	9772200.0
2000	3188	EAST CENTRAL REGIONAL WATER DISTRICT	-1	Rural Water	0.0	0.0	0.0	0	0	0.0	0.0						4195200.0	1121400.0	477000.0	148100.0	1906000.0	4158600.0	3118600.0	1442800.0	758900.0	1129000.0	913000.0	349900.0	19718500.0
2001	3188	EAST CENTRAL REGIONAL WATER DISTRICT	-1	Rural Water	0.0	0.0	0.0	0	0	0.0	0.0						2224200.0	275900.0	0.0	10645000.0	4197600.0	5173400.0	2672200.0	1076000.0	2052200.0	4063200.0	3550102.0	3974200.0	39904002.0
2002	3188	EAST CENTRAL REGIONAL WATER DISTRICT	-1	Rural Water	0.0	0.0	0.0	0	0	0.0	0.0						4557600.0	95100.0	519300.0	4959800.0	5634700.0	3670500.0	5183300.0	4179600.0	125300.0	66400.0	243400.0	417000.0	29652000.0
2003	3188	EAST CENTRAL REGIONAL WATER DISTRICT	-1	Rural Water	0.0	0.0	0.0	0	0	0.0	0.0						381200.0	4378500.0	6069500.0	3314600.0	236500.0	1677500.0	949900.0	6208600.0	5781000.0	5131900.0	3104000.0	709000.0	37942200.0
2004	3188	EAST CENTRAL REGIONAL WATER DISTRICT	-1	Rural Water	0.0	0.0	0.0	0	0	0.0	0.0						461500.0	1494800.0	6176800.0	3474900.0	3916000.0	4401200.0	4401200.0	8822700.0	6237700.0	1830100.0	1830200.0	3401100.0	46448200.0
2005	3188	EAST CENTRAL REGIONAL WATER DISTRICT	-1	Rural Water	0.0	0.0	0.0	0	0	0.0	0.0						5251700.0	30600.0	2015959.0	0.0	761883.0	1057404.0	566833.0	797921.0	1800000.0	3000000.0	3257827.0	696918.0	19237045.0
2006	3188	EAST CENTRAL REGIONAL WATER DISTRICT	-1	Rural Water	0.0	0.0	0.0	0	0	0.0	0.0						4849227.0	2795064.0	4782736.0	3232474.0	1289592.0	3805144.0	0.0	1379000.0	42240.0	1996916.0	1776628.0	1186388.0	27135409.0
2007	3188	EAST CENTRAL REGIONAL WATER DISTRICT	-1	Rural Water	0.0	0.0	0.0	0	0	0.0	0.0						3725000.0	1417000.0	43000.0	5562000.0	5500000.0	4251000.0	1071000.0	12000.0	0.0	300000.0	5414000.0	0.0	27295000.0
2008	3188	EAST CENTRAL REGIONAL WATER DISTRICT	-1	Rural Water	0.0	0.0	0.0	0	0	0.0	0.0						802500.0	8738640.0	4623888.0	4497008.0	7168728.0	2739072.0	1958920.0	793984.0	2978960.0	2758225.0	3330447.0	410597.0	40800969.0
2009	3188	EAST CENTRAL REGIONAL WATER DISTRICT	-1	Rural Water	0.0	0.0	0.0	0	0	0.0	0.0						1300731.0	600000.0	600000.0	1200000.0	1292281.0	2063804.0	821097.0	5703398.0	3263246.0	1071152.0	3085198.0	2397345.0	23398252.0
2011	3188	EAST CENTRAL REGIONAL WATER DISTRICT	-1	Rural Water	0.0	0.0	0.0	0	0	0.0	0.0						404380.0	1313496.0	55686.0	435126.0	0.0	17668.0	47032.0	80216.0	374564.0	2475844.0	2889664.0	3213096.0	11306772.0
2012	3188	EAST CENTRAL REGIONAL WATER DISTRICT	-1	Rural Water	0.0	0.0	0.0	0	0	0.0	0.0						3027888.0	2702764.0	3425776.0	2937180.0	3335528.0	2465576.0	1978880.0	1623944.0	31376.0	655096.0	180239.0	1070440.0	23434687.0
2013	3188	EAST CENTRAL REGIONAL WATER DISTRICT	-1	Rural Water	0.0	0.0	0.0	0	0	0.0	0.0						2859600.0	3165024.0	39336.0	1011472.0	2863176.0	1898912.0	1425936.0	580720.0	0.0	0.0	0.0	0.0	13844176.0
2014	3188	EAST CENTRAL REGIONAL WATER DISTRICT	-1	Rural Water	0.0	0.0	0.0	0	0	0.0	0.0						0.0	0.0	0.0	0.0	0.0	0.0	2813488.0	1935376.0	1371962.0	2220946.0	1428551.0	42.0	9770365.0
2015	3188	EAST CENTRAL REGIONAL WATER DISTRICT	-1	Rural Water	0.0	0.0	0.0	0	0	0.0	0.0						11.0	5.0	18624.0	19.0	9322.0	1583123.0	3111643.0	6065.0	1387823.0	670669.0	1480790.0	1446229.0	9714323.0
2016	3188	EAST CENTRAL REGIONAL WATER DISTRICT	-1	Rural Water	0.0	0.0	0.0	0	0	0.0	0.0						1383137.0	1118896.0	1833042.0	835192.0	535023.0	1157509.0	1019140.0	2088240.0	1332796.0	1304490.0	974042.0	1196138.0	14777645.0
2017	3188	EAST CENTRAL REGIONAL WATER DISTRICT	-1	Rural Water	0.0	0.0	0.0	0	0	0.0	0.0						862589.0	699814.0	545390.0	1510300.0	909960.0	579740.0	1137290.0	854010.0	1120670.0	945290.0	787840.0	573360.0	10526253.0
2018	3188	EAST CENTRAL REGIONAL WATER DISTRICT	-1	Rural Water	0.0	0.0	0.0	0	0	0.0	0.0						465070.0	467540.0	432570.0	410850.0	599950.0	710880.0	547940.0	531780.0	504360.0	490660.0	464000.0	492360.0	6117960.0
2019	3188	EAST CENTRAL REGIONAL WATER DISTRICT	-1	Rural Water	0.0	0.0	0.0	0	0	0.0	0.0						517360.0	450080.0	514440.0	421280.0	406800.0	612130.0	371270.0	0.0	347100.0	1365520.0	1353740.0	1343980.0	7703700.0
2020	3188	EAST CENTRAL REGIONAL WATER DISTRICT	-1	Rural Water	0.0	0.0	0.0	0	0	0.0	0.0						1371380.0	1520690.0	1380140.0	1297820.0	1702680.0	2187720.0	2111920.0	2221900.0	2126640.0	2111530.0	1627580.0	1402500.0	21062500.0
2021	3188	EAST CENTRAL REGIONAL WATER DISTRICT	-1	Rural Water	0.0	0.0	0.0	0	0	0.0	0.0						560000.0	3002180.0	1745820.0	1904360.0	1325620.0	910880.0	2132890.0	1843900.0	1628700.0	1720600.0	1422670.0	700040.0	18897660.0
2022	3188	EAST CENTRAL REGIONAL WATER DISTRICT	-1	Rural Water	0.0	0.0	0.0	0	0	0.0	0.0						639125.0	639125.0	337820.0	1046440.0	1253330.0	1573510.0	1491260.0	1202410.0	1540760.0	1633380.0	1372600.0	1533300.0	14263060.0
2023	3188	EAST CENTRAL REGIONAL WATER DISTRICT	-1	Rural Water	0.0	0.0	0.0	0	0	0.0	0.0						1475000.0	1230500.0	1454000.0	1297800.0	733500.0	936500.0	3698300.0	4325900.0	730600.0	2332500.0	4681200.0	4520300.0	27416100.0
1984	3277	NORTHWOOD, CITY OF	-1	Municipal	0.0	0.0	0.0	0	0	0.0	0.0						2424260.0	2640400.0	2739000.0	2281220.0	1967650.0	2743080.0	3032550.0	2981540.0	2975920.0	2980040.0	2712730.0	2618440.0	32096830.0
1985	3277	NORTHWOOD, CITY OF	-1	Municipal	0.0	0.0	0.0	0	0	0.0	0.0						2509600.0	2538630.0	2441390.0	2311620.0	2589160.0	2693510.0	2823760.0	2999130.0	3144106.0	2653640.0	2530640.0	2452810.0	31687996.0
1986	3277	NORTHWOOD, CITY OF	-1	Municipal	0.0	0.0	0.0	0	0	0.0	0.0						1831590.0	1948950.0	2368070.0	2347660.0	2352770.0	2411620.0	2935770.0	2730670.0	2892000.0	2811970.0	2635540.0	2599050.0	29865660.0
1987	3277	NORTHWOOD, CITY OF	-1	Municipal	0.0	0.0	0.0	0	0	0.0	0.0						2416970.0	2458340.0	2638270.0	2204010.0	2731300.0	2716350.0	3052180.0	2926980.0	2772560.0	2672890.0	2910535.0	2502570.0	32002955.0
1988	3277	NORTHWOOD, CITY OF	-1	Municipal	0.0	0.0	0.0	0	0	0.0	0.0						2595777.0	2825755.0	2290414.0	2535895.0	2677819.0	3124262.0	3035333.0	3007725.0	2732101.0	2824991.0	2648640.0	2614047.0	32912759.0
1989	3277	NORTHWOOD, CITY OF	-1	Municipal	0.0	0.0	0.0	0	0	0.0	0.0						2638647.0	2704410.0	2517870.0	2451170.0	2447352.0	2769365.0	2730295.0	3329129.0	3180155.0	3395932.0	2929707.0	2642340.0	33736372.0
1990	3277	NORTHWOOD, CITY OF	-1	Municipal	0.0	0.0	0.0	0	0	0.0	0.0						1964600.0	1876100.0	2083900.0	2079300.0	2528900.0	2079100.0	2503500.0	2513200.0	2053600.0	1751700.0	1895900.0	2083700.0	25413500.0
1991	3277	NORTHWOOD, CITY OF	-1	Municipal	0.0	0.0	0.0	0	0	0.0	0.0						2099100.0	1756500.0	1781100.0	2017500.0	2084400.0	2162100.0	2096900.0	2549100.0	1806800.0	1834400.0	1657200.0	1839800.0	23684900.0
1992	3277	NORTHWOOD, CITY OF	-1	Municipal	0.0	0.0	0.0	0	0	0.0	0.0						1834800.0	1747200.0	2068100.0	1746900.0	1902600.0	1980100.0	2267700.0	2800200.0	1920300.0	2028400.0	1757000.0	1846400.0	23899700.0
1993	3277	NORTHWOOD, CITY OF	-1	Municipal	0.0	0.0	0.0	0	0	0.0	0.0						1782800.0	1601600.0	2185200.0	1688000.0	2284100.0	1765400.0	1673000.0	2072700.0	1802100.0	1850600.0	1784900.0	1673300.0	22163700.0
1994	3277	NORTHWOOD, CITY OF	-1	Municipal	0.0	0.0	0.0	0	0	0.0	0.0						1367300.0	931800.0	1417700.0	1477500.0	1623400.0	1565800.0	1481500.0	1272800.0	1701300.0	1166100.0	1396500.0	1403000.0	16804700.0
1995	3277	NORTHWOOD, CITY OF	-1	Municipal	0.0	0.0	0.0	0	0	0.0	0.0						10205226.0	1502874.0	779004.0	2879712.0	1743660.0	1680642.0	1735452.0	1738692.0	1250694.0	1881360.0	1447200.0	1485594.0	28330110.0
1996	3277	NORTHWOOD, CITY OF	-1	Municipal	0.0	0.0	0.0	0	0	0.0	0.0						1343595.0	1544675.0	1521135.0	1324510.0	1524325.0	1695595.0	1717155.0	1893870.0	1406955.0	1610950.0	1566015.0	1261865.0	18410645.0
1997	3277	NORTHWOOD, CITY OF	-1	Municipal	0.0	0.0	0.0	0	0	0.0	0.0						1356135.0	1208735.0	1358830.0	1805265.0	1678545.0	1579655.0	1411300.0	1576245.0	1097415.0	0.0	0.0	0.0	13072125.0
2016	3277	NORTHWOOD, CITY OF	-1	Municipal	0.0	0.0	0.0	0	0	0.0	0.0						0.0	0.0	0.0	0.0	0.0	0.0	0.0	0.0	0.0	0.0	0.0	0.0	0.0
2017	3277	NORTHWOOD, CITY OF	-1	Municipal	0.0	0.0	0.0	0	0	0.0	0.0						167395.0	282952.0	180292.0	56155.0	315210.0	60635.0	237099.0	61108.0	60854.0	24781.0	81962.0	221291.0	1749734.0
2018	3277	NORTHWOOD, CITY OF	-1	Municipal	0.0	0.0	0.0	0	0	0.0	0.0						1715766.0	1598242.0	1849108.0	1914112.0	2002289.0	2595384.0	2706966.0	2302804.0	1589173.0	1803672.0	1952656.0	1673934.0	23704106.0
2019	3277	NORTHWOOD, CITY OF	-1	Municipal	0.0	0.0	0.0	0	0	0.0	0.0						0.0	0.0	0.0	0.0	0.0	0.0	0.0	0.0	0.0	0.0	0.0	0.0	0.0
2020	3277	NORTHWOOD, CITY OF	-1	Municipal	0.0	0.0	0.0	0	0	0.0	0.0						0.0	0.0	0.0	0.0	0.0	0.0	0.0	0.0	0.0	0.0	0.0	0.0	0.0
2021	3277	NORTHWOOD, CITY OF	-1	Municipal	0.0	0.0	0.0	0	0	0.0	0.0						0.0	0.0	0.0	0.0	0.0	0.0	0.0	0.0	0.0	0.0	0.0	0.0	0.0
2022	3277	NORTHWOOD, CITY OF	-1	Municipal	0.0	0.0	0.0	0	0	0.0	0.0						0.0	0.0	0.0	0.0	0.0	0.0	0.0	0.0	0.0	0.0	0.0	0.0	0.0
2023	3277	NORTHWOOD, CITY OF	-1	Municipal	0.0	0.0	0.0	0	0	0.0	0.0						0.0	0.0	0.0	0.0	0.0	0.0	0.0	0.0	0.0	0.0	0.0	0.0	0.0
1981	3490	EAST CENTRAL REGIONAL WATER DISTRICT	-1	Rural Water	0.0	0.0	0.0	0	0	0.0	0.0						0.0	0.0	0.0	0.0	0.0	0.0	0.0	0.0	0.0	0.0	0.0	7859000.0	7859000.0
1982	3490	EAST CENTRAL REGIONAL WATER DISTRICT	-1	Rural Water	0.0	0.0	0.0	0	0	0.0	0.0						9862000.0	4027000.0	6098000.0	6558000.0	8610000.0	11318000.0	6837000.0	3432000.0	7931000.0	11298000.0	4602000.0	6372000.0	86945000.0
1983	3490	EAST CENTRAL REGIONAL WATER DISTRICT	-1	Rural Water	0.0	0.0	0.0	0	0	0.0	0.0						11456000.0	11199000.0	1736000.0	4306000.0	11066000.0	6913000.0	8267000.0	10168000.0	3563000.0	8053000.0	7274000.0	7422000.0	91423000.0
1984	3490	EAST CENTRAL REGIONAL WATER DISTRICT	-1	Rural Water	0.0	0.0	0.0	0	0	0.0	0.0						6955000.0	1048000.0	6123000.0	7384000.0	4366000.0	5753000.0	12248000.0	9135000.0	5953000.0	9392000.0	7507000.0	1719000.0	77583000.0
1985	3490	EAST CENTRAL REGIONAL WATER DISTRICT	-1	Rural Water	0.0	0.0	0.0	0	0	0.0	0.0						430000.0	6505000.0	7484000.0	7363000.0	8243000.0	334000.0	541000.0	6957000.0	9208000.0	4039000.0	4994000.0	4503000.0	60601000.0
1986	3490	EAST CENTRAL REGIONAL WATER DISTRICT	-1	Rural Water	0.0	0.0	0.0	0	0	0.0	0.0						1301000.0	1114000.0	7465000.0	5662000.0	7707000.0	5292000.0	4089000.0	4605000.0	4402000.0	4112000.0	2249000.0	4323000.0	52321000.0
1987	3490	EAST CENTRAL REGIONAL WATER DISTRICT	-1	Rural Water	0.0	0.0	0.0	0	0	0.0	0.0						4171500.0	2499000.0	3076500.0	6341000.0	11009300.0	9383700.0	9986100.0	8568900.0	9550000.0	13421000.0	12082000.0	11413700.0	101502700.0
1988	3490	EAST CENTRAL REGIONAL WATER DISTRICT	-1	Rural Water	0.0	0.0	0.0	0	0	0.0	0.0						3477500.0	6853200.0	7497200.0	4178200.0	11391600.0	11960400.0	10484900.0	10969400.0	4484600.0	5897600.0	6408500.0	6856200.0	90459300.0
1989	3490	EAST CENTRAL REGIONAL WATER DISTRICT	-1	Rural Water	0.0	0.0	0.0	0	0	0.0	0.0						2573700.0	2149600.0	9528200.0	1183000.0	7244000.0	4991000.0	6000000.0	9321600.0	4957700.0	3378000.0	6165300.0	3166100.0	60658200.0
1990	3490	EAST CENTRAL REGIONAL WATER DISTRICT	-1	Rural Water	0.0	0.0	0.0	0	0	0.0	0.0						4352000.0	3210800.0	4817800.0	8174600.0	7856500.0	7619600.0	8081900.0	5163000.0	5974300.0	7487000.0	5695100.0	5184100.0	73616700.0
1991	3490	EAST CENTRAL REGIONAL WATER DISTRICT	-1	Rural Water	0.0	0.0	0.0	0	0	0.0	0.0						1033300.0	1100.0	835000.0	7540000.0	10443400.0	10818500.0	11501800.0	13987000.0	14649200.0	10222000.0	5039000.0	2830900.0	88901200.0
1992	3490	EAST CENTRAL REGIONAL WATER DISTRICT	-1	Rural Water	0.0	0.0	0.0	0	0	0.0	0.0						2208700.0	1493400.0	1078000.0	9852600.0	11971000.0	8429500.0	12678900.0	3040400.0	2911900.0	12252200.0	5298400.0	1392100.0	72607100.0
1993	3490	EAST CENTRAL REGIONAL WATER DISTRICT	-1	Rural Water	0.0	0.0	0.0	0	0	0.0	0.0						1851000.0	1529900.0	1669600.0	1239500.0	6995100.0	7846000.0	9779300.0	5835000.0	10935000.0	13008300.0	6004600.0	2961000.0	69654300.0
1994	3490	EAST CENTRAL REGIONAL WATER DISTRICT	-1	Rural Water	0.0	0.0	0.0	0	0	0.0	0.0						3490400.0	4353400.0	3720500.0	23996700.0	0.0	8174100.0	12053800.0	8753200.0	6500700.0	14285000.0	5962600.0	754800.0	92045200.0
1995	3490	EAST CENTRAL REGIONAL WATER DISTRICT	-1	Rural Water	0.0	0.0	0.0	0	0	0.0	0.0						3222500.0	2948300.0	4602800.0	20567100.0	12939600.0	11869800.0	12553900.0	11854700.0	13986100.0	12691300.0	594000.0	2280700.0	110110800.0
1996	3490	EAST CENTRAL REGIONAL WATER DISTRICT	-1	Rural Water	0.0	0.0	0.0	0	0	0.0	0.0						1598200.0	990100.0	1891200.0	2049800.0	14196700.0	13929800.0	12572700.0	9521500.0	8079400.0	4349000.0	389200.0	815200.0	70382800.0
1998	3490	EAST CENTRAL REGIONAL WATER DISTRICT	-1	Rural Water	0.0	0.0	0.0	0	0	0.0	0.0						5771400.0	5162500.0	19831000.0	5780400.0	8204900.0	11154900.0	9649000.0	6500700.0	12120600.0	7955100.0	9185100.0	9077000.0	110392600.0
1999	3490	EAST CENTRAL REGIONAL WATER DISTRICT	-1	Rural Water	0.0	0.0	0.0	0	0	0.0	0.0						12037300.0	10131300.0	12039600.0	11143300.0	10880000.0	16028700.0	7294600.0	5541000.0	6655700.0	7763100.0	2899600.0	3587100.0	106001300.0
2000	3490	EAST CENTRAL REGIONAL WATER DISTRICT	-1	Rural Water	0.0	0.0	0.0	0	0	0.0	0.0						2704500.0	5021500.0	9722000.0	9727700.0	12121200.0	4303400.0	3246400.0	760300.0	12500.0	5004800.0	6173200.0	4241000.0	63038500.0
2001	3490	EAST CENTRAL REGIONAL WATER DISTRICT	-1	Rural Water	0.0	0.0	0.0	0	0	0.0	0.0						8703500.0	10481600.0	7927600.0	13831600.0	8536300.0	11084200.0	9849500.0	6536700.0	8204200.0	8323200.0	9243800.0	9049000.0	111771200.0
2002	3490	EAST CENTRAL REGIONAL WATER DISTRICT	-1	Rural Water	0.0	0.0	0.0	0	0	0.0	0.0						5037500.0	11650700.0	12254100.0	8368200.0	4030800.0	4785700.0	7082800.0	8773800.0	4060100.0	5726200.0	6535900.0	10119900.0	88425700.0
2003	3490	EAST CENTRAL REGIONAL WATER DISTRICT	-1	Rural Water	0.0	0.0	0.0	0	0	0.0	0.0						8126820.0	5547230.0	4712150.0	4631200.0	10729100.0	11450210.0	9357250.0	10792480.0	9012200.0	8045330.0	10061490.0	12040150.0	104505610.0
2004	3490	EAST CENTRAL REGIONAL WATER DISTRICT	-1	Rural Water	0.0	0.0	0.0	0	0	0.0	0.0						14411500.0	11147500.0	13762100.0	6760500.0	5585700.0	8855900.0	12331100.0	8819800.0	23919600.0	3564000.0	3563000.0	6536500.0	119257200.0
2005	3490	EAST CENTRAL REGIONAL WATER DISTRICT	-1	Rural Water	0.0	0.0	0.0	0	0	0.0	0.0						11489214.0	14587861.0	12796470.0	0.0	11593926.0	8382800.0	10523300.0	12508574.0	10220200.0	6028500.0	4100280.0	7640798.0	109871923.0
2006	3490	EAST CENTRAL REGIONAL WATER DISTRICT	-1	Rural Water	0.0	0.0	0.0	0	0	0.0	0.0						7256460.0	4830185.0	7484912.0	10448100.0	14504597.0	15470053.0	15047545.0	4191700.0	2087718.0	4533740.0	10889244.0	6329490.0	103073744.0
2007	3490	EAST CENTRAL REGIONAL WATER DISTRICT	-1	Rural Water	0.0	0.0	0.0	0	0	0.0	0.0						4210000.0	6410000.0	3600000.0	6040000.0	4050000.0	4415000.0	16440000.0	8590000.0	18800000.0	5681000.0	7340000.0	14424000.0	100000000.0
2008	3490	EAST CENTRAL REGIONAL WATER DISTRICT	-1	Rural Water	0.0	0.0	0.0	0	0	0.0	0.0						2995225.0	8155671.0	7102833.0	5750400.0	10535211.0	4450009.0	5014252.0	4825812.0	5295027.0	5308223.0	9714931.0	3887027.0	73034621.0
2009	3490	EAST CENTRAL REGIONAL WATER DISTRICT	-1	Rural Water	0.0	0.0	0.0	0	0	0.0	0.0						3124255.0	2381880.0	5186120.0	4200700.0	3637938.0	8620621.0	4093186.0	3560649.0	4074350.0	4117900.0	4655250.0	1419047.0	49071896.0
2011	3490	EAST CENTRAL REGIONAL WATER DISTRICT	-1	Rural Water	0.0	0.0	0.0	0	0	0.0	0.0						10152817.0	6588094.0	6290627.0	10571821.0	5917200.0	7088077.0	6231536.0	6368726.0	16980572.0	3520495.0	2848295.0	2581060.0	85139320.0
2012	3490	EAST CENTRAL REGIONAL WATER DISTRICT	-1	Rural Water	0.0	0.0	0.0	0	0	0.0	0.0						443128.0	94836.0	6403175.0	7958306.0	8003400.0	9814858.0	7452925.0	8446020.0	1459909.0	1683935.0	5907775.0	7126555.0	64794822.0
2013	3490	EAST CENTRAL REGIONAL WATER DISTRICT	-1	Rural Water	0.0	0.0	0.0	0	0	0.0	0.0						330604.0	3096666.0	3347280.0	2846291.0	7789924.0	8259267.0	9242601.0	9560907.0	7934407.0	2206315.0	648261.0	11430524.0	66693047.0
2014	3490	EAST CENTRAL REGIONAL WATER DISTRICT	-1	Rural Water	0.0	0.0	0.0	0	0	0.0	0.0						10569118.0	10642293.0	7818700.0	6360595.0	3651617.0	1277491.0	2475400.0	5449135.0	5886695.0	6338830.0	3293156.0	187818.0	63950848.0
2015	3490	EAST CENTRAL REGIONAL WATER DISTRICT	-1	Rural Water	0.0	0.0	0.0	0	0	0.0	0.0						3191100.0	3519108.0	13827004.0	15309171.0	9685164.0	12536914.0	14481783.0	11229544.0	13502688.0	8053305.0	5326989.0	2983095.0	113645865.0
2016	3490	EAST CENTRAL REGIONAL WATER DISTRICT	-1	Rural Water	0.0	0.0	0.0	0	0	0.0	0.0						1153647.0	2253313.0	7496048.0	6341797.0	1842257.0	10485473.0	7210583.0	1533902.0	1392655.0	3858288.0	3851152.0	4774193.0	52193308.0
2017	3490	EAST CENTRAL REGIONAL WATER DISTRICT	-1	Rural Water	0.0	0.0	0.0	0	0	0.0	0.0						3785889.0	3598860.0	3029850.0	6808520.0	12877420.0	16424840.0	24953910.0	19117100.0	17520380.0	16143680.0	16085290.0	14133380.0	154479119.0
2018	3490	EAST CENTRAL REGIONAL WATER DISTRICT	-1	Rural Water	0.0	0.0	0.0	0	0	0.0	0.0						12138930.0	12375440.0	15044380.0	14095920.0	16572170.0	17962980.0	18385180.0	14824960.0	14455330.0	15550830.0	14885440.0	16052000.0	182343560.0
2019	3490	EAST CENTRAL REGIONAL WATER DISTRICT	-1	Rural Water	0.0	0.0	0.0	0	0	0.0	0.0						16951020.0	14461330.0	17676810.0	16266210.0	16211420.0	18370850.0	19147880.0	18831360.0	15975800.0	16743410.0	17426200.0	16453760.0	204516050.0
2020	3490	EAST CENTRAL REGIONAL WATER DISTRICT	-1	Rural Water	0.0	0.0	0.0	0	0	0.0	0.0						15315270.0	16752260.0	16167390.0	16330880.0	19145180.0	19802200.0	20066790.0	18629440.0	19517940.0	19002080.0	16643870.0	16772880.0	214146180.0
2021	3490	EAST CENTRAL REGIONAL WATER DISTRICT	-1	Rural Water	0.0	0.0	0.0	0	0	0.0	0.0						14060415.0	14060415.0	14752600.0	21351530.0	21523900.0	24925840.0	23524930.0	24350750.0	22735990.0	22871025.0	18788240.0	18657925.0	241603560.0
2022	3490	EAST CENTRAL REGIONAL WATER DISTRICT	-1	Rural Water	0.0	0.0	0.0	0	0	0.0	0.0						13880080.0	13880080.0	4240510.0	4165690.0	12201700.0	18544990.0	18526850.0	16926960.0	16754350.0	16355550.0	14477560.0	11677930.0	161632250.0
2023	3490	EAST CENTRAL REGIONAL WATER DISTRICT	-1	Rural Water	0.0	0.0	0.0	0	0	0.0	0.0						11390100.0	9456420.0	11241930.0	12237840.0	21429920.0	20144720.0	20413070.0	17573070.0	17450480.0	11718840.0	10836700.0	13500610.0	177393700.0
1989	4044	EAST CENTRAL REGIONAL WATER DISTRICT	-1	Rural Water	0.0	0.0	0.0	0	0	0.0	0.0						0.0	0.0	0.0	0.0	0.0	0.0	0.0	0.0	0.0	2300.0	24700.0	5824600.0	5851600.0
1990	4044	EAST CENTRAL REGIONAL WATER DISTRICT	-1	Rural Water	0.0	0.0	0.0	0	0	0.0	0.0						811600.0	3755700.0	3982300.0	3903000.0	4705300.0	0.0	5313400.0	8848000.0	8921000.0	8236400.0	8043500.0	7131400.0	63651600.0
1991	4044	EAST CENTRAL REGIONAL WATER DISTRICT	-1	Rural Water	0.0	0.0	0.0	0	0	0.0	0.0						4114500.0	637000.0	1480800.0	2944300.0	6361300.0	8742400.0	9563400.0	7323000.0	4199200.0	3514200.0	8414900.0	2500700.0	59795700.0
1992	4044	EAST CENTRAL REGIONAL WATER DISTRICT	-1	Rural Water	0.0	0.0	0.0	0	0	0.0	0.0						2728100.0	4300.0	7219400.0	0.0	5501800.0	9739500.0	1158500.0	343000.0	1129700.0	2533700.0	603900.0	0.0	30961900.0
1993	4044	EAST CENTRAL REGIONAL WATER DISTRICT	-1	Rural Water	0.0	0.0	0.0	0	0	0.0	0.0						0.0	0.0	0.0	1881000.0	3384700.0	3916000.0	8307300.0	6979500.0	100.0	1516000.0	6400.0	753100.0	26744100.0
1994	4044	EAST CENTRAL REGIONAL WATER DISTRICT	-1	Rural Water	0.0	0.0	0.0	0	0	0.0	0.0						3688500.0	390300.0	1555000.0	0.0	1531300.0	10451900.0	945800.0	9211700.0	2459600.0	0.0	100.0	3570500.0	33804700.0
1995	4044	EAST CENTRAL REGIONAL WATER DISTRICT	-1	Rural Water	0.0	0.0	0.0	0	0	0.0	0.0						26900.0	0.0	60800.0	3000.0	849100.0	2718300.0	1779900.0	155000.0	224900.0	1182400.0	1080700.0	1235900.0	9316900.0
1996	4044	EAST CENTRAL REGIONAL WATER DISTRICT	-1	Rural Water	0.0	0.0	0.0	0	0	0.0	0.0						439000.0	646600.0	1369300.0	1744100.0	478900.0	2226400.0	910100.0	2839300.0	906200.0	617300.0	5344000.0	5839700.0	23360900.0
1997	4044	EAST CENTRAL REGIONAL WATER DISTRICT	-1	Rural Water	0.0	0.0	0.0	0	0	0.0	0.0						6300700.0	4995300.0	8380000.0	14280000.0	8548200.0	6479800.0	5144700.0	7865500.0	10824900.0	4198100.0	1652400.0	899100.0	79568700.0
1998	4044	EAST CENTRAL REGIONAL WATER DISTRICT	-1	Rural Water	0.0	0.0	0.0	0	0	0.0	0.0						1811700.0	5261700.0	20885400.0	12948900.0	11990700.0	9848100.0	10398700.0	11740100.0	9596600.0	12345400.0	9596100.0	5821900.0	122245300.0
1999	4044	EAST CENTRAL REGIONAL WATER DISTRICT	-1	Rural Water	0.0	0.0	0.0	0	0	0.0	0.0						4769400.0	4702100.0	5026700.0	4597000.0	9428300.0	7754700.0	9330500.0	11676400.0	9909600.0	10172300.0	7764800.0	4275500.0	89407300.0
2000	4044	EAST CENTRAL REGIONAL WATER DISTRICT	-1	Rural Water	0.0	0.0	0.0	0	0	0.0	0.0						1701200.0	6236000.0	4574000.0	841500.0	2775400.0	9471200.0	8741700.0	16394700.0	13534700.0	8644400.0	8646700.0	5717100.0	87278600.0
2001	4044	EAST CENTRAL REGIONAL WATER DISTRICT	-1	Rural Water	0.0	0.0	0.0	0	0	0.0	0.0						7702100.0	7537400.0	1989500.0	1600600.0	1330400.0	2212700.0	1513000.0	3413800.0	2580600.0	1021400.0	683300.0	1971600.0	33556400.0
2002	4044	EAST CENTRAL REGIONAL WATER DISTRICT	-1	Rural Water	0.0	0.0	0.0	0	0	0.0	0.0						658300.0	12825200.0	7934600.0	2080500.0	4538400.0	3270100.0	1943200.0	1541200.0	3377400.0	5389300.0	7002700.0	7113400.0	57674300.0
2003	4044	EAST CENTRAL REGIONAL WATER DISTRICT	-1	Rural Water	0.0	0.0	0.0	0	0	0.0	0.0						7906600.0	4878100.0	10284300.0	9367500.0	2986000.0	6361300.0	7022900.0	2951000.0	903800.0	977600.0	3410600.0	768500.0	57818200.0
2004	4044	EAST CENTRAL REGIONAL WATER DISTRICT	-1	Rural Water	0.0	0.0	0.0	0	0	0.0	0.0						620000.0	267000.0	934000.0	6073000.0	6790000.0	3411000.0	3640000.0	1283000.0	1155000.0	7160000.0	7159000.0	7926000.0	46418000.0
2005	4044	EAST CENTRAL REGIONAL WATER DISTRICT	-1	Rural Water	0.0	0.0	0.0	0	0	0.0	0.0						4913389.0	1517825.0	2295200.0	0.0	7200922.0	5675078.0	1956936.0	2022000.0	7978000.0	13999700.0	16228390.0	5760688.0	69548128.0
2006	4044	EAST CENTRAL REGIONAL WATER DISTRICT	-1	Rural Water	0.0	0.0	0.0	0	0	0.0	0.0						5958500.0	633324.0	514500.0	6004644.0	3385796.0	3304771.0	5492800.0	21491600.0	4707754.0	3762420.0	5772552.0	4094672.0	65123333.0
2007	4044	EAST CENTRAL REGIONAL WATER DISTRICT	-1	Rural Water	0.0	0.0	0.0	0	0	0.0	0.0						5604000.0	5840000.0	2200000.0	9434000.0	8600000.0	7300000.0	6940000.0	7400000.0	19605000.0	4400000.0	3460000.0	939000.0	81722000.0
2008	4044	EAST CENTRAL REGIONAL WATER DISTRICT	-1	Rural Water	0.0	0.0	0.0	0	0	0.0	0.0						4684368.0	1589732.0	2300400.0	3234060.0	7218396.0	4385100.0	3322738.0	4593332.0	1025006.0	390280.0	299940.0	2023176.0	35066528.0
2009	4044	EAST CENTRAL REGIONAL WATER DISTRICT	-1	Rural Water	0.0	0.0	0.0	0	0	0.0	0.0						4351500.0	8800000.0	6300000.0	4400000.0	3779452.0	3652056.0	1197800.0	886300.0	1524000.0	3641800.0	657070.0	2000600.0	41190578.0
2011	4044	EAST CENTRAL REGIONAL WATER DISTRICT	-1	Rural Water	0.0	0.0	0.0	0	0	0.0	0.0						12098692.0	2606044.0	7661997.0	4536651.0	7742156.0	6933556.0	2719000.0	12947291.0	88692.0	182208.0	636300.0	113072.0	58265659.0
2012	4044	EAST CENTRAL REGIONAL WATER DISTRICT	-1	Rural Water	0.0	0.0	0.0	0	0	0.0	0.0						151356.0	14064.0	90260.0	167200.0	2143900.0	2400600.0	3092700.0	1658800.0	1072548.0	357176.0	104556.0	171300.0	11424460.0
2013	4044	EAST CENTRAL REGIONAL WATER DISTRICT	-1	Rural Water	0.0	0.0	0.0	0	0	0.0	0.0						109300.0	1192852.0	1183700.0	8629700.0	4130016.0	6140152.0	7779736.0	8414646.0	3893563.0	1584988.0	0.0	0.0	43058653.0
2014	4044	EAST CENTRAL REGIONAL WATER DISTRICT	-1	Rural Water	0.0	0.0	0.0	0	0	0.0	0.0						161000.0	154700.0	462900.0	120100.0	527900.0	651200.0	2401100.0	1326400.0	713800.0	402700.0	3032900.0	7482260.0	17436960.0
2015	4044	EAST CENTRAL REGIONAL WATER DISTRICT	-1	Rural Water	0.0	0.0	0.0	0	0	0.0	0.0						7775340.0	7071400.0	1090300.0	740600.0	1148100.0	5764156.0	4723826.0	4147168.0	2623942.0	1176005.0	820018.0	6210443.0	43291298.0
2016	4044	EAST CENTRAL REGIONAL WATER DISTRICT	-1	Rural Water	0.0	0.0	0.0	0	0	0.0	0.0						434548.0	963809.0	5679821.0	5972716.0	6658328.0	5854599.0	6925743.0	7277324.0	8053127.0	11231349.0	10153704.0	12651966.0	81857034.0
2017	4044	EAST CENTRAL REGIONAL WATER DISTRICT	-1	Rural Water	0.0	0.0	0.0	0	0	0.0	0.0						9840332.0	9543372.0	11079206.0	9025498.0	8912369.0	12036933.0	9655790.0	9996160.0	10388950.0	10654350.0	10943590.0	9821410.0	121897960.0
2018	4044	EAST CENTRAL REGIONAL WATER DISTRICT	-1	Rural Water	0.0	0.0	0.0	0	0	0.0	0.0						8450640.0	8603170.0	10185560.0	7622030.0	8055860.0	9617010.0	10400400.0	6629200.0	8338960.0	7621740.0	11235430.0	12545370.0	109305370.0
2019	4044	EAST CENTRAL REGIONAL WATER DISTRICT	-1	Rural Water	0.0	0.0	0.0	0	0	0.0	0.0						13278280.0	10296230.0	11616030.0	11235340.0	10949010.0	13180780.0	11525460.0	12516390.0	10816060.0	12658360.0	13662070.0	13493220.0	145227230.0
2020	4044	EAST CENTRAL REGIONAL WATER DISTRICT	-1	Rural Water	0.0	0.0	0.0	0	0	0.0	0.0						11266980.0	11615620.0	13438590.0	12793840.0	16763360.0	14958910.0	12929350.0	12915060.0	11425130.0	10690470.0	8755500.0	8724200.0	146277010.0
2021	4044	EAST CENTRAL REGIONAL WATER DISTRICT	-1	Rural Water	0.0	0.0	0.0	0	0	0.0	0.0						8141580.0	9890636.0	10405090.0	11253140.0	12284300.0	15967434.0	17610110.0	17858390.0	12575820.0	8488000.0	8628050.0	7096100.0	140198650.0
2022	4044	EAST CENTRAL REGIONAL WATER DISTRICT	-1	Rural Water	0.0	0.0	0.0	0	0	0.0	0.0						12543150.0	11043150.0	12995440.0	11598000.0	12292500.0	10925806.0	11924524.0	10001150.0	11987880.0	12178170.0	11943320.0	13377580.0	142810670.0
2023	4044	EAST CENTRAL REGIONAL WATER DISTRICT	-1	Rural Water	0.0	0.0	0.0	0	0	0.0	0.0						4383120.0	6496780.0	5799490.0	5793930.0	8672200.0	9072510.0	8940982.0	8604854.0	12037954.0	16876032.0	12502568.0	6246000.0	105426420.0
1990	4103	TRI-COUNTY WATER DISTRICT	-1	Rural Water	0.0	0.0	0.0	0	0	0.0	0.0						3546500.0	2874050.0	4207100.0	2790350.0	4064200.0	5251300.0	5150200.0	4448900.0	3449400.0	2977800.0	4498600.0	4516800.0	47775200.0
1991	4103	TRI-COUNTY WATER DISTRICT	-1	Rural Water	0.0	0.0	0.0	0	0	0.0	0.0						3693500.0	3972500.0	5218000.0	4876000.0	5150000.0	4330000.0	4204500.0	5149000.0	3851000.0	3427000.0	3337000.0	4365500.0	51574000.0
1992	4103	TRI-COUNTY WATER DISTRICT	-1	Rural Water	0.0	0.0	0.0	0	0	0.0	0.0						7846916.6	7846916.6	7846916.6	7846916.6	7846916.6	7846916.6	7846916.6	7846916.7	7846916.7	7846916.7	7846916.7	7846917.0	94163000.0
1993	4103	TRI-COUNTY WATER DISTRICT	-1	Rural Water	0.0	0.0	0.0	0	0	0.0	0.0						3745000.0	3309800.0	4815000.0	4496600.0	4860500.0	6407700.0	3895500.0	2197200.0	2247400.0	4025400.0	4167800.0	3993100.0	48161000.0
1994	4103	TRI-COUNTY WATER DISTRICT	-1	Rural Water	0.0	0.0	0.0	0	0	0.0	0.0						4690050.0	3416400.0	4844500.0	3348500.0	4045450.0	4072250.0	4593750.0	4407650.0	4051550.0	3906400.0	5421100.0	3207300.0	50004900.0
1995	4103	TRI-COUNTY WATER DISTRICT	-1	Rural Water	0.0	0.0	0.0	0	0	0.0	0.0						3079150.0	3079150.0	3079150.0	3301750.0	3496500.0	2912000.0	8924900.0	4575300.0	1732200.0	4815600.0	2485200.0	5098950.0	46579850.0
1996	4103	TRI-COUNTY WATER DISTRICT	-1	Rural Water	0.0	0.0	0.0	0	0	0.0	0.0						4531400.0	4907450.0	4643100.0	3006150.0	5823300.0	4818050.0	5842600.0	1697350.0	3541150.0	8188050.0	1428300.0	982650.0	49409550.0
1997	4103	TRI-COUNTY WATER DISTRICT	-1	Rural Water	0.0	0.0	0.0	0	0	0.0	0.0						4119500.0	4079500.0	4197500.0	4922500.0	5295000.0	5618500.0	5034500.0	5258500.0	4471500.0	4982000.0	5728000.0	4890000.0	58597000.0
1998	4103	TRI-COUNTY WATER DISTRICT	-1	Rural Water	0.0	0.0	0.0	0	0	0.0	0.0						2175600.0	2149300.0	2064200.0	2112350.0	2335750.0	3315850.0	3173250.0	3303350.0	2885500.0	3045100.0	2432250.0	2534750.0	31527250.0
1999	4103	TRI-COUNTY WATER DISTRICT	-1	Rural Water	0.0	0.0	0.0	0	0	0.0	0.0						2895350.0	2571700.0	2532350.0	2641500.0	3073150.0	3091200.0	3087900.0	3382700.0	2557300.0	2479850.0	2562050.0	2292550.0	33167600.0
2000	4103	TRI-COUNTY WATER DISTRICT	-1	Rural Water	0.0	0.0	0.0	0	0	0.0	0.0						2751150.0	2478250.0	2455350.0	2641250.0	2566700.0	3398700.0	2943850.0	2557850.0	2935750.0	2405750.0	2195800.0	2688100.0	32018500.0
2001	4103	TRI-COUNTY WATER DISTRICT	-1	Rural Water	0.0	0.0	0.0	0	0	0.0	0.0						2891000.0	2485450.0	2329600.0	2975300.0	2864550.0	2892200.0	2924900.0	3315550.0	2811500.0	2405450.0	2466900.0	2876550.0	33238950.0
2002	4103	TRI-COUNTY WATER DISTRICT	-1	Rural Water	0.0	0.0	0.0	0	0	0.0	0.0						2623450.0	2383800.0	2082700.0	2549150.0	2686950.0	3168950.0	3644500.0	3395050.0	2798450.0	2674000.0	3050250.0	3119850.0	34177100.0
2003	4103	TRI-COUNTY WATER DISTRICT	-1	Rural Water	0.0	0.0	0.0	0	0	0.0	0.0						3113300.0	2461550.0	2876550.0	2383200.0	2541300.0	2683850.0	2844850.0	3920000.0	3299400.0	2751800.0	3051500.0	3276600.0	35203900.0
2004	4103	TRI-COUNTY WATER DISTRICT	-1	Rural Water	0.0	0.0	0.0	0	0	0.0	0.0						3105400.0	3050800.0	2834250.0	2759200.0	3013600.0	2945750.0	4216600.0	3633900.0	3126050.0	2560850.0	2855050.0	2618100.0	36719550.0
2005	4103	TRI-COUNTY WATER DISTRICT	-1	Rural Water	0.0	0.0	0.0	0	0	0.0	0.0						2562450.0	2791450.0	2576450.0	2777600.0	2602500.0	3638350.0	3615950.0	4247900.0	3634700.0	2954000.0	2556450.0	2625900.0	36583700.0
2006	4103	TRI-COUNTY WATER DISTRICT	-1	Rural Water	0.0	0.0	0.0	0	0	0.0	0.0						3257100.0	2857300.0	2680450.0	2859750.0	2767950.0	3745300.0	4445050.0	4349300.0	3551000.0	2684600.0	3766250.0	3166250.0	40130300.0
2007	4103	TRI-COUNTY WATER DISTRICT	-1	Rural Water	0.0	0.0	0.0	0	0	0.0	0.0						3296550.0	3904900.0	4028200.0	4369900.0	3391000.0	3722100.0	4618650.0	3985800.0	3659800.0	3323050.0	3618300.0	3183300.0	45101550.0
2009	4103	TRI-COUNTY WATER DISTRICT	-1	Rural Water	0.0	0.0	0.0	0	0	0.0	0.0						3795650.0	3609000.0	3024050.0	3407450.0	3168900.0	3967800.0	4620350.0	4530450.0	4594350.0	4503850.0	3981000.0	3156000.0	46358850.0
2010	4103	TRI-COUNTY WATER DISTRICT	-1	Rural Water	0.0	0.0	0.0	0	0	0.0	0.0						4036850.0	4161700.0	3964200.0	3921950.0	4054550.0	5163450.0	4462850.0	5413900.0	4476700.0	3494500.0	3850050.0	3409100.0	50409800.0
2012	4103	TRI-COUNTY WATER DISTRICT	-1	Rural Water	0.0	0.0	0.0	0	0	0.0	0.0						3883750.0	4435000.0	3401300.0	3427150.0	3795800.0	4160900.0	5776100.0	6017050.0	6345950.0	3621500.0	3722950.0	3695050.0	52282500.0
2013	4103	TRI-COUNTY WATER DISTRICT	-1	Rural Water	0.0	0.0	0.0	0	0	0.0	0.0						3777350.0	3482000.0	3691800.0	3574850.0	4149550.0	4074550.0	5582650.0	5119150.0	5710000.0	4006200.0	3562850.0	3214250.0	49945200.0
2014	4103	TRI-COUNTY WATER DISTRICT	-1	Rural Water	0.0	0.0	0.0	0	0	0.0	0.0						3822550.0	3675200.0	3455700.0	3347100.0	3392450.0	5011150.0	4684800.0	4741400.0	4884850.0	3450550.0	3500850.0	3696800.0	47663400.0
2015	4103	TRI-COUNTY WATER DISTRICT	-1	Rural Water	0.0	0.0	0.0	0	0	0.0	0.0						4187000.0	3424500.0	3424500.0	4938000.0	4190100.0	4390100.0	5061000.0	5130850.0	4872750.0	4189800.0	4050000.0	3702400.0	51561000.0
2016	4103	TRI-COUNTY WATER DISTRICT	-1	Rural Water	0.0	0.0	0.0	0	0	0.0	0.0						3951500.0	4326950.0	3858750.0	4167350.0	3990700.0	5063700.0	5347850.0	4951950.0	4033550.0	3737650.0	3185750.0	3221250.0	49836950.0
2017	4103	TRI-COUNTY WATER DISTRICT	-1	Rural Water	0.0	0.0	0.0	0	0	0.0	0.0						3874100.0	3555200.0	3260950.0	3942650.0	4045700.0	4697650.0	5705350.0	5378450.0	3677800.0	3831500.0	3568850.0	3770000.0	49308200.0
2018	4103	TRI-COUNTY WATER DISTRICT	-1	Rural Water	0.0	0.0	0.0	0	0	0.0	0.0						3831850.0	3748450.0	3600900.0	3449100.0	4401450.0	4984450.0	5278750.0	5686700.0	4794500.0	4062250.0	3951000.0	3735800.0	51525200.0
2019	4103	TRI-COUNTY WATER DISTRICT	-1	Rural Water	0.0	0.0	0.0	0	0	0.0	0.0						3776650.0	3905250.0	3484000.0	3679050.0	4158650.0	4749400.0	5916100.0	5298800.0	4401150.0	4240200.0	3097150.0	3135700.0	49842100.0
2020	4103	TRI-COUNTY WATER DISTRICT	-1	Rural Water	0.0	0.0	0.0	0	0	0.0	0.0						4296500.0	3981400.0	4003000.0	4526100.0	4121200.0	4392100.0	4358200.0	4368200.0	4484200.0	5096000.0	4139200.0	4556500.0	52322600.0
2021	4103	TRI-COUNTY WATER DISTRICT	-1	Rural Water	0.0	0.0	0.0	0	0	0.0	0.0						0.0	0.0	0.0	0.0	0.0	0.0	0.0	0.0	0.0	0.0	0.0	0.0	0.0
2022	4103	TRI-COUNTY WATER DISTRICT	-1	Rural Water	0.0	0.0	0.0	0	0	0.0	0.0						4300000.0	3724000.0	3879000.0	4226100.0	4080000.0	4287200.0	4162300.0	4371500.0	4572000.0	4043000.0	4276400.0	4232700.0	50154200.0
2023	4103	TRI-COUNTY WATER DISTRICT	-1	Rural Water	0.0	0.0	0.0	0	0	0.0	0.0						4300000.0	3724000.0	3879000.0	4226100.0	4080000.0	4287200.0	4162300.0	4371500.0	4572000.0	4043000.0	4276400.0	4232700.0	50154200.0
