use_year	permit_number	permit_holder_name	pod_index	use_type	reported_acft	reported_acres	reported_rate	kwhrs	kwh_demand	begin_meter	end_meter	meter_units	comments	crop_type1	crop_type2	reported_inches	use_january	use_february	use_march	use_april	use_may	use_june	use_july	use_august	use_september	use_october	use_november	use_december	total_use
1979	1822	WAHPETON, CITY OF	-1	Municipal	0.0	0.0	0.0	0	0	0.0	0.0						17107000.0	17655000.0	20580000.0	39891000.0	21652000.0	20750000.0	22148000.0	21667000.0	23704000.0	23421000.0	18155000.0	19089000.0	265819000.0
1980	1822	WAHPETON, CITY OF	-1	Municipal	0.0	0.0	0.0	0	0	0.0	0.0						19569000.0	19528000.0	21732000.0	25234000.0	30977000.0	18656000.0	25965000.0	18642000.0	20517000.0	21986000.0	18374000.0	18901000.0	260081000.0
1981	1822	WAHPETON, CITY OF	-1	Municipal	0.0	0.0	0.0	0	0	0.0	0.0						28548000.0	26761000.0	28865000.0	28330000.0	26810000.0	25697000.0	29872000.0	28392000.0	63832000.0	28276000.0	25903000.0	25470000.0	366756000.0
1982	1822	WAHPETON, CITY OF	-1	Municipal	0.0	0.0	0.0	0	0	0.0	0.0						29002000.0	26461000.0	28984000.0	28344000.0	29834000.0	34721000.0	27381000.0	30921000.0	26591000.0	80244000.0	24208000.0	23707000.0	390398000.0
1983	1822	WAHPETON, CITY OF	-1	Municipal	0.0	0.0	0.0	0	0	0.0	0.0						23937000.0	22273000.0	24381000.0	25616000.0	27475000.0	30714000.0	29775000.0	35545000.0	67442000.0	26003000.0	23765000.0	33155000.0	370081000.0
1984	1822	WAHPETON, CITY OF	-1	Municipal	0.0	0.0	0.0	0	0	0.0	0.0						25854000.0	23798000.0	45765000.0	25593000.0	27974000.0	22224000.0	29173000.0	27686000.0	28950000.0	51424000.0	24230000.0	25335000.0	358006000.0
1985	1822	WAHPETON, CITY OF	-1	Municipal	0.0	0.0	0.0	0	0	0.0	0.0						28990000.0	27860000.0	29380000.0	29400000.0	30777000.0	29600000.0	36200000.0	30700000.0	29860000.0	30240000.0	27930000.0	28760000.0	359697000.0
1986	1822	WAHPETON, CITY OF	-1	Municipal	0.0	0.0	0.0	0	0	0.0	0.0						31810000.0	28983000.0	31619000.0	31060000.0	32111000.0	35100000.0	33083000.0	31495000.0	31765000.0	31260000.0	29248000.0	29539000.0	377073000.0
1987	1822	WAHPETON, CITY OF	-1	Municipal	0.0	0.0	0.0	0	0	0.0	0.0						27921000.0	25150000.0	27921000.0	27603000.0	34016000.0	36280000.0	30764000.0	32882000.0	32092000.0	32561000.0	29909000.0	29241000.0	366340000.0
1988	1822	WAHPETON, CITY OF	-1	Municipal	0.0	0.0	0.0	0	0	0.0	0.0						29091000.0	27948000.0	29523000.0	31715000.0	32567000.0	39473000.0	36210000.0	30057000.0	29708000.0	30423000.0	27813000.0	29394000.0	373922000.0
1989	1822	WAHPETON, CITY OF	-1	Municipal	0.0	0.0	0.0	0	0	0.0	0.0						30618000.0	27225000.0	29592000.0	30333000.0	32541000.0	33117000.0	38035000.0	36460000.0	29511000.0	31162000.0	27752000.0	29457000.0	375803000.0
1990	1822	WAHPETON, CITY OF	-1	Municipal	0.0	0.0	0.0	0	0	0.0	0.0						29737000.0	27313000.0	29518000.0	29928000.0	34316000.0	33044000.0	35368000.0	34199000.0	32499000.0	31963000.0	28761000.0	29728000.0	376374000.0
1991	1822	WAHPETON, CITY OF	-1	Municipal	0.0	0.0	0.0	0	0	0.0	0.0						29431000.0	26939000.0	29643000.0	28636000.0	29750000.0	29700000.0	30069000.0	31240000.0	30232000.0	29537000.0	28955000.0	31240000.0	355372000.0
1992	1822	WAHPETON, CITY OF	-1	Municipal	0.0	0.0	0.0	0	0	0.0	0.0						28647000.0	27112000.0	29329000.0	27969000.0	33391000.0	29337000.0	30981000.0	29620000.0	30574000.0	30503000.0	26682000.0	27289000.0	351434000.0
1993	1822	WAHPETON, CITY OF	-1	Municipal	0.0	0.0	0.0	0	0	0.0	0.0						28946000.0	26050000.0	29798000.0	29643000.0	32208000.0	30984000.0	30373000.0	32995000.0	34165000.0	31886000.0	31273000.0	30651000.0	368972000.0
1994	1822	WAHPETON, CITY OF	-1	Municipal	0.0	0.0	0.0	0	0	0.0	0.0						30850000.0	27790000.0	31556000.0	30329000.0	33285000.0	30384000.0	23261000.0	25867000.0	23483000.0	21941000.0	18824000.0	29201000.0	326771000.0
1995	1822	WAHPETON, CITY OF	-1	Municipal	0.0	0.0	0.0	0	0	0.0	0.0						30115000.0	27057000.0	30072000.0	31182000.0	31379000.0	32668000.0	20501000.0	29848000.0	31967000.0	32090000.0	30583000.0	30055000.0	357517000.0
1996	1822	WAHPETON, CITY OF	-1	Municipal	0.0	0.0	0.0	0	0	0.0	0.0						29635000.0	33210000.0	30904000.0	30729000.0	33006000.0	31952000.0	25741000.0	23069000.0	31996000.0	32697000.0	29724000.0	29925000.0	362588000.0
1997	1822	WAHPETON, CITY OF	-1	Municipal	0.0	0.0	0.0	0	0	0.0	0.0						25963000.0	23147000.0	24567000.0	26704000.0	27353000.0	33355000.0	29362000.0	31684000.0	30767000.0	28858000.0	25383000.0	25583000.0	332726000.0
1998	1822	WAHPETON, CITY OF	-1	Municipal	0.0	0.0	0.0	0	0	0.0	0.0						18085000.0	19390000.0	20980000.0	21704000.0	23584000.0	24384000.0	29827000.0	28497000.0	27767000.0	24025000.0	23612000.0	21144000.0	282999000.0
1999	1822	WAHPETON, CITY OF	-1	Municipal	0.0	0.0	0.0	0	0	0.0	0.0						21924000.0	20582000.0	21032000.0	22473000.0	20078000.0	20956000.0	22518000.0	22646000.0	22947000.0	22387000.0	23799000.0	23109000.0	264451000.0
2000	1822	WAHPETON, CITY OF	-1	Municipal	0.0	0.0	0.0	0	0	0.0	0.0						20868000.0	19816000.0	20939000.0	20754000.0	32354000.0	24054000.0	25619000.0	31275000.0	28171000.0	24545000.0	21345000.0	19674000.0	289414000.0
2001	1822	WAHPETON, CITY OF	-1	Municipal	0.0	0.0	0.0	0	0	0.0	0.0						19940000.0	17986000.0	20528000.0	26220000.0	29987000.0	30519000.0	38840000.0	43743000.0	34233000.0	31295000.0	28181000.0	21903000.0	343375000.0
2002	1822	WAHPETON, CITY OF	-1	Municipal	0.0	0.0	0.0	0	0	0.0	0.0						19218000.0	20720000.0	24677000.0	22419000.0	23596000.0	26568000.0	26259000.0	22650000.0	22661000.0	21569000.0	19961000.0	19488000.0	269786000.0
2003	1822	WAHPETON, CITY OF	-1	Municipal	0.0	0.0	0.0	0	0	0.0	0.0						20218000.0	18574000.0	19812000.0	19102000.0	19716000.0	18867000.0	23131000.0	29885000.0	24464000.0	23083000.0	19181000.0	19491000.0	255524000.0
2004	1822	WAHPETON, CITY OF	-1	Municipal	0.0	0.0	0.0	0	0	0.0	0.0						19654000.0	17928000.0	20291000.0	20412000.0	21748000.0	19885000.0	21908000.0	23232000.0	20206000.0	20393000.0	17713000.0	17482000.0	240852000.0
2005	1822	WAHPETON, CITY OF	-1	Municipal	0.0	0.0	0.0	0	0	0.0	0.0						24360000.0	24487000.0	17967000.0	18118000.0	18705000.0	17405000.0	22583000.0	19419000.0	19336000.0	24286000.0	24536000.0	25431000.0	256633000.0
2006	1822	WAHPETON, CITY OF	-1	Municipal	0.0	0.0	0.0	0	0	0.0	0.0						0.0	0.0	0.0	0.0	0.0	0.0	7146000.0	13742000.0	8480000.0	9703000.0	6402000.0	7992000.0	53465000.0
2007	1822	WAHPETON, CITY OF	-1	Municipal	0.0	0.0	0.0	0	0	0.0	0.0						8477000.0	4983000.0	5142000.0	6747000.0	7472000.0	7592000.0	9725000.0	9054000.0	7516000.0	7111000.0	5998000.0	5509000.0	85326000.0
2008	1822	WAHPETON, CITY OF	-1	Municipal	0.0	0.0	0.0	0	0	0.0	0.0						24571000.0	20233000.0	20653000.0	20766000.0	22086000.0	26411000.0	32802000.0	26110000.0	21532000.0	21246000.0	19058000.0	18356000.0	273824000.0
2009	1822	WAHPETON, CITY OF	-1	Municipal	0.0	0.0	0.0	0	0	0.0	0.0						18533000.0	16632000.0	19549000.0	19175000.0	21883000.0	21075000.0	23501000.0	22436000.0	21447000.0	20575000.0	18319000.0	19367000.0	242492000.0
2010	1822	WAHPETON, CITY OF	-1	Municipal	0.0	0.0	0.0	0	0	0.0	0.0						19166000.0	14969000.0	18062000.0	18899000.0	21193000.0	20673000.0	21653000.0	19881000.0	16972000.0	17353000.0	14935000.0	20446000.0	224202000.0
2012	1822	WAHPETON, CITY OF	-1	Municipal	0.0	0.0	0.0	0	0	0.0	0.0						4198000.0	4230000.0	5112000.0	8056000.0	6540000.0	8522000.0	11634000.0	10912000.0	9668000.0	8509000.0	4700000.0	7026000.0	89107000.0
2013	1822	WAHPETON, CITY OF	-1	Municipal	0.0	0.0	0.0	0	0	0.0	0.0						6093000.0	5562000.0	5576000.0	4654000.0	6801000.0	7086000.0	9803000.0	8731000.0	5824000.0	7133000.0	5489000.0	4810000.0	77562000.0
2014	1822	WAHPETON, CITY OF	-1	Municipal	0.0	0.0	0.0	0	0	0.0	0.0						6776000.0	5453000.0	0.0	0.0	2954000.0	7978000.0	10752000.0	11292000.0	8796000.0	9378000.0	7673000.0	6376000.0	77428000.0
2015	1822	WAHPETON, CITY OF	-1	Municipal	0.0	0.0	0.0	0	0	0.0	0.0		Well 2				7629000.0	6555000.0	4336000.0	4985000.0	7294000.0	8882000.0	10674000.0	11657000.0	4555000.0	10002000.0	7400000.0	6567000.0	90536000.0
2016	1822	WAHPETON, CITY OF	-1	Municipal	0.0	0.0	0.0	0	0	0.0	0.0		Well 2				7122000.0	6809000.0	7942000.0	8601000.0	11115000.0	11871000.0	10464000.0	10584000.0	10198000.0	9289000.0	7877000.0	7982000.0	109854000.0
2017	1822	WAHPETON, CITY OF	-1	Municipal	0.0	0.0	0.0	0	0	0.0	0.0		Well 2				7695000.0	6615000.0	8272000.0	8498000.0	9829000.0	3110000.0	4291000.0	9694000.0	9720000.0	8715000.0	7414000.0	7815000.0	91668000.0
2018	1822	WAHPETON, CITY OF	-1	Municipal	0.0	0.0	0.0	0	0	0.0	0.0		Well 2				7122000.0	6809000.0	7942000.0	8601000.0	11115000.0	11871000.0	10464000.0	10584000.0	10198000.0	9289000.0	7877000.0	7982000.0	109854000.0
2019	1822	WAHPETON, CITY OF	-1	Municipal	0.0	0.0	0.0	0	0	0.0	0.0		Well 2				7643000.0	6424000.0	7074000.0	6705000.0	8017000.0	8487000.0	8616000.0	8394000.0	8194000.0	7977000.0	6519000.0	6217000.0	90267000.0
2020	1822	WAHPETON, CITY OF	-1	Municipal	0.0	0.0	0.0	0	0	0.0	0.0		Well 2				6236000.0	6121000.0	6426000.0	6458000.0	8230000.0	9277000.0	8685000.0	9030000.0	8476000.0	7412000.0	6283000.0	6373000.0	89007000.0
2021	1822	WAHPETON, CITY OF	-1	Municipal	0.0	0.0	0.0	0	0	0.0	0.0		Well 2				6675000.0	6306000.0	7125000.0	7040000.0	8832000.0	6299000.0	0.0	0.0	664000.0	7783000.0	6738000.0	6435000.0	63897000.0
2022	1822	WAHPETON, CITY OF	-1	Municipal	0.0	0.0	0.0	0	0	0.0	0.0		Well 2				6876000.0	6274000.0	7566000.0	7352000.0	8042000.0	9881000.0	10911000.0	11047000.0	9836000.0	2242000.0	0.0	0.0	80027000.0
2023	1822	WAHPETON, CITY OF	-1	Municipal	0.0	0.0	0.0	0	0	0.0	0.0		Well 2				0.0	0.0	0.0	0.0	6840000.0	0.0	0.0	0.0	0.0	0.0	2694000.0	7488000.0	17022000.0
2024	1822	WAHPETON, CITY OF	-1	Municipal	0.0	0.0	0.0	0	0	0.0	0.0						7863000.0	7347000.0	7848000.0	7953000.0	8388000.0	8551000.0	1498000.0	215000.0	6025000.0	2077000.0	7410000.0	7687000.0	72862000.0
1980	1898	WAHPETON, CITY OF	-1	Municipal	0.0	0.0	0.0	0	0	0.0	0.0						9784000.0	9764000.0	10866000.0	12617000.0	15488000.0	9238000.0	12982000.0	9321000.0	10258000.0	10993000.0	9187000.0	9451000.0	129949000.0
1981	1898	WAHPETON, CITY OF	-1	Municipal	0.0	0.0	0.0	0	0	0.0	0.0						190000.0	0.0	6682000.0	0.0	7836000.0	0.0	0.0	0.0	10713000.0	10154000.0	0.0	607000.0	36182000.0
1982	1898	WAHPETON, CITY OF	-1	Municipal	0.0	0.0	0.0	0	0	0.0	0.0						169000.0	172000.0	8864000.0	0.0	71000.0	0.0	0.0	0.0	0.0	14299000.0	763000.0	1687000.0	26025000.0
1983	1898	WAHPETON, CITY OF	-1	Municipal	0.0	0.0	0.0	0	0	0.0	0.0						510000.0	0.0	6750000.0	0.0	0.0	4340000.0	5780000.0	6830000.0	5206000.0	0.0	0.0	0.0	29416000.0
1984	1898	WAHPETON, CITY OF	-1	Municipal	0.0	0.0	0.0	0	0	0.0	0.0						16094000.0	0.0	0.0	0.0	2100000.0	3800000.0	5630000.0	6134000.0	2764000.0	0.0	0.0	0.0	36522000.0
1985	1898	WAHPETON, CITY OF	-1	Municipal	0.0	0.0	0.0	0	0	0.0	0.0						200000.0	390000.0	11795000.0	2800000.0	2200000.0	3900000.0	4200000.0	3481000.0	3212000.0	610000.0	472000.0	310000.0	33570000.0
1986	1898	WAHPETON, CITY OF	-1	Municipal	0.0	0.0	0.0	0	0	0.0	0.0						0.0	348000.0	9186000.0	12184000.0	0.0	0.0	2132000.0	0.0	4264000.0	2000000.0	28000000.0	30030000.0	88144000.0
1987	1898	WAHPETON, CITY OF	-1	Municipal	0.0	0.0	0.0	0	0	0.0	0.0						20000000.0	20000000.0	19943000.0	2300000.0	4800000.0	4700000.0	5500000.0	3045000.0	0.0	0.0	0.0	0.0	80288000.0
1988	1898	WAHPETON, CITY OF	-1	Municipal	0.0	0.0	0.0	0	0	0.0	0.0						0.0	0.0	0.0	0.0	3240000.0	8780000.0	6280000.0	5309000.0	4120000.0	0.0	0.0	0.0	27729000.0
1989	1898	WAHPETON, CITY OF	-1	Municipal	0.0	0.0	0.0	0	0	0.0	0.0						0.0	0.0	0.0	0.0	2147000.0	3200000.0	12034000.0	5100000.0	1524000.0	0.0	0.0	0.0	24005000.0
1990	1898	WAHPETON, CITY OF	-1	Municipal	0.0	0.0	0.0	0	0	0.0	0.0						0.0	0.0	0.0	0.0	0.0	0.0	3968000.0	9230000.0	0.0	0.0	0.0	0.0	13198000.0
1991	1898	WAHPETON, CITY OF	-1	Municipal	0.0	0.0	0.0	0	0	0.0	0.0						0.0	0.0	0.0	0.0	0.0	2448000.0	9792000.0	14961000.0	0.0	0.0	0.0	0.0	27201000.0
1992	1898	WAHPETON, CITY OF	-1	Municipal	0.0	0.0	0.0	0	0	0.0	0.0						0.0	0.0	0.0	0.0	0.0	2300000.0	0.0	3400000.0	0.0	54000.0	0.0	0.0	5754000.0
1993	1898	WAHPETON, CITY OF	-1	Municipal	0.0	0.0	0.0	0	0	0.0	0.0						0.0	0.0	0.0	0.0	0.0	0.0	0.0	3113000.0	0.0	0.0	0.0	0.0	3113000.0
1994	1898	WAHPETON, CITY OF	-1	Municipal	0.0	0.0	0.0	0	0	0.0	0.0						0.0	0.0	0.0	0.0	0.0	10397000.0	10397000.0	10397000.0	10397000.0	10397000.0	10400000.0	0.0	62385000.0
1995	1898	WAHPETON, CITY OF	-1	Municipal	0.0	0.0	0.0	0	0	0.0	0.0						0.0	0.0	0.0	0.0	0.0	7681000.0	13229000.0	13229000.0	2561000.0	0.0	0.0	0.0	36700000.0
1996	1898	WAHPETON, CITY OF	-1	Municipal	0.0	0.0	0.0	0	0	0.0	0.0						0.0	0.0	0.0	0.0	0.0	6832000.0	17788000.0	17788000.0	4078000.0	0.0	0.0	0.0	46486000.0
1997	1898	WAHPETON, CITY OF	-1	Municipal	0.0	0.0	0.0	0	0	0.0	0.0						5890000.0	5254000.0	5576000.0	6061000.0	6208000.0	7422000.0	6530000.0	7056000.0	6845000.0	6454000.0	5761000.0	5807000.0	74864000.0
1998	1898	WAHPETON, CITY OF	-1	Municipal	0.0	0.0	0.0	0	0	0.0	0.0						9770000.0	8845000.0	8980000.0	10071000.0	11230000.0	12500000.0	12350000.0	13025000.0	11254000.0	9645000.0	6944000.0	8041000.0	122655000.0
1999	1898	WAHPETON, CITY OF	-1	Municipal	0.0	0.0	0.0	0	0	0.0	0.0						6832000.0	5960000.0	7101000.0	7260000.0	12742000.0	12960000.0	13010000.0	13130000.0	8021000.0	7220000.0	7310000.0	8199000.0	109745000.0
2000	1898	WAHPETON, CITY OF	-1	Municipal	0.0	0.0	0.0	0	0	0.0	0.0						8769000.0	8549000.0	8813000.0	8877000.0	1946000.0	8842000.0	10123000.0	12406000.0	6428000.0	7131000.0	8110000.0	7543000.0	97537000.0
2001	1898	WAHPETON, CITY OF	-1	Municipal	0.0	0.0	0.0	0	0	0.0	0.0						7877000.0	6876000.0	8188000.0	1349000.0	0.0	0.0	0.0	0.0	0.0	0.0	0.0	6081000.0	30371000.0
2002	1898	WAHPETON, CITY OF	-1	Municipal	0.0	0.0	0.0	0	0	0.0	0.0						10089000.0	6433000.0	4969000.0	7568000.0	9292000.0	13381000.0	13224000.0	11267000.0	11212000.0	10699000.0	9190000.0	9528000.0	116852000.0
2003	1898	WAHPETON, CITY OF	-1	Municipal	0.0	0.0	0.0	0	0	0.0	0.0						10620000.0	9094000.0	10101000.0	10437000.0	10679000.0	11126000.0	12531000.0	16248000.0	13464000.0	12604000.0	10525000.0	11044000.0	138473000.0
2004	1898	WAHPETON, CITY OF	-1	Municipal	0.0	0.0	0.0	0	0	0.0	0.0						11414000.0	10314000.0	11158000.0	11414000.0	12354000.0	12017000.0	13596000.0	13998000.0	11752000.0	11965000.0	10784000.0	10934000.0	141700000.0
2005	1898	WAHPETON, CITY OF	-1	Municipal	0.0	0.0	0.0	0	0	0.0	0.0						4441000.0	2153000.0	11306000.0	11484000.0	11788000.0	9772000.0	7550000.0	9613000.0	9163000.0	3242000.0	0.0	0.0	80512000.0
2006	1898	WAHPETON, CITY OF	-1	Municipal	0.0	0.0	0.0	0	0	0.0	0.0						26721000.0	24091000.0	24607000.0	25397000.0	27739000.0	29770000.0	32206000.0	22976000.0	21038000.0	18309000.0	18937000.0	16744000.0	288535000.0
2007	1898	WAHPETON, CITY OF	-1	Municipal	0.0	0.0	0.0	0	0	0.0	0.0						18544000.0	18362000.0	22016000.0	21002000.0	22806000.0	23806000.0	34354000.0	29316000.0	24486000.0	22474000.0	20239000.0	20495000.0	277900000.0
2008	1898	WAHPETON, CITY OF	-1	Municipal	0.0	0.0	0.0	0	0	0.0	0.0						3267000.0	5985000.0	5695000.0	5530000.0	6139000.0	2302000.0	3949000.0	8096000.0	6237000.0	6830000.0	5532000.0	5829000.0	65391000.0
2009	1898	WAHPETON, CITY OF	-1	Municipal	0.0	0.0	0.0	0	0	0.0	0.0						5884000.0	5726000.0	6025000.0	6522000.0	7563000.0	6798000.0	7409000.0	7717000.0	7589000.0	6972000.0	6535000.0	6057000.0	80797000.0
2010	1898	WAHPETON, CITY OF	-1	Municipal	0.0	0.0	0.0	0	0	0.0	0.0						6649000.0	8302000.0	6993000.0	6914000.0	8548000.0	8568000.0	11400000.0	12276000.0	10471000.0	10116000.0	9591000.0	5641000.0	105469000.0
2011	1898	WAHPETON, CITY OF	-1	Municipal	0.0	0.0	0.0	0	0	0.0	0.0						20017000.0	19392000.0	18931000.0	20536000.0	23200000.0	22555000.0	25057000.0	25238000.0	23101000.0	22181000.0	22915000.0	21672000.0	264795000.0
2012	1898	WAHPETON, CITY OF	-1	Municipal	0.0	0.0	0.0	0	0	0.0	0.0						21594000.0	20976000.0	20430000.0	17086000.0	25068000.0	22022000.0	25987000.0	22771000.0	24776000.0	20036000.0	19617000.0	15032000.0	255395000.0
2013	1898	WAHPETON, CITY OF	-1	Municipal	0.0	0.0	0.0	0	0	0.0	0.0						18014000.0	17162000.0	17754000.0	18910000.0	20548000.0	17334000.0	22234000.0	24958000.0	20980000.0	18054000.0	15392000.0	15271000.0	226611000.0
2014	1898	WAHPETON, CITY OF	-1	Municipal	0.0	0.0	0.0	0	0	0.0	0.0						15019000.0	14323000.0	23613000.0	22269000.0	24036000.0	16115000.0	20076000.0	20401000.0	17234000.0	18248000.0	14728000.0	15541000.0	221603000.0
2015	1898	WAHPETON, CITY OF	-1	Municipal	0.0	0.0	0.0	0	0	0.0	0.0						16689000.0	15329000.0	20233000.0	19618000.0	18571000.0	17818000.0	18799000.0	20781000.0	19333000.0	18089000.0	14557000.0	17243000.0	217060000.0
2016	1898	WAHPETON, CITY OF	-1	Municipal	0.0	0.0	0.0	0	0	0.0	0.0						15118000.0	13838000.0	15306000.0	15924000.0	18382000.0	21587000.0	22005000.0	19876000.0	18457000.0	18121000.0	14572000.0	13719000.0	206905000.0
2017	1898	WAHPETON, CITY OF	-1	Municipal	0.0	0.0	0.0	0	0	0.0	0.0						14090000.0	13607000.0	14735000.0	14443000.0	17661000.0	30494000.0	29772000.0	18131000.0	17380000.0	17718000.0	14317000.0	14904000.0	217252000.0
2018	1898	WAHPETON, CITY OF	-1	Municipal	0.0	0.0	0.0	0	0	0.0	0.0						14090000.0	13607000.0	14735000.0	14443000.0	17661000.0	30494000.0	29772000.0	18131000.0	17380000.0	17718000.0	14317000.0	14904000.0	217252000.0
2019	1898	WAHPETON, CITY OF	-1	Municipal	0.0	0.0	0.0	0	0	0.0	0.0						14601000.0	13671000.0	15393000.0	14601000.0	17248000.0	17378000.0	17637000.0	17289000.0	17484000.0	17203000.0	14934000.0	15086000.0	192525000.0
2020	1898	WAHPETON, CITY OF	-1	Municipal	0.0	0.0	0.0	0	0	0.0	0.0						14517000.0	14625000.0	14861000.0	14529000.0	16931000.0	19296000.0	18547000.0	19364000.0	18273000.0	16038000.0	14886000.0	15027000.0	196894000.0
2021	1898	WAHPETON, CITY OF	-1	Municipal	0.0	0.0	0.0	0	0	0.0	0.0						15633000.0	14552000.0	15662000.0	14988000.0	18639000.0	28396000.0	30878000.0	26406000.0	25658000.0	16020000.0	14428000.0	14778000.0	236038000.0
2022	1898	WAHPETON, CITY OF	-1	Municipal	0.0	0.0	0.0	0	0	0.0	0.0						14524000.0	13634000.0	15249000.0	14237000.0	15012000.0	18575000.0	20700000.0	20650000.0	18387000.0	23286000.0	20082000.0	20923000.0	215259000.0
2023	1898	WAHPETON, CITY OF	-1	Municipal	0.0	0.0	0.0	0	0	0.0	0.0						21843000.0	19457000.0	22118000.0	21351000.0	20030000.0	31376000.0	31641000.0	29177000.0	30654000.0	31372000.0	18578000.0	14378000.0	291975000.0
2024	1898	WAHPETON, CITY OF	-1	Municipal	0.0	0.0	0.0	0	0	0.0	0.0						14939000.0	14014000.0	14806000.0	14824000.0	15576000.0	15753000.0	22919000.0	24061000.0	21751000.0	25762000.0	13354000.0	13863000.0	211622000.0
1981	2115	FROEDTERT MALT CORP	-1	Industrial	0.0	0.0	0.0	0	0	0.0	0.0						0.0	0.0	0.0	12000.0	12000.0	12000.0	12000.0	12000.0	12000.0	0.0	0.0	0.0	72000.0
1982	2115	FROEDTERT MALT CORP	-1	Industrial	0.0	0.0	0.0	0	0	0.0	0.0						0.0	0.0	0.0	12000.0	12000.0	12000.0	12000.0	12000.0	12000.0	12000.0	12000.0	12000.0	108000.0
1983	2115	FROEDTERT MALT CORP	-1	Industrial	0.0	0.0	0.0	0	0	0.0	0.0						0.0	0.0	0.0	12000.0	12000.0	12000.0	12000.0	12000.0	12000.0	12000.0	12000.0	12000.0	108000.0
1984	2115	FROEDTERT MALT CORP	-1	Industrial	0.0	0.0	0.0	0	0	0.0	0.0						0.0	0.0	0.0	12000.0	12000.0	12000.0	12000.0	12000.0	12000.0	12000.0	12000.0	12000.0	108000.0
1987	3898	MINN-DAK FARMERS COOPERATIVE	-1	Industrial	0.0	0.0	0.0	0	0	0.0	0.0						93090000.0	79840000.0	84007000.0	36300000.0	36300000.0	36300000.0	7260000.0	20570000.0	36300000.0	26730000.0	21600000.0	22320000.0	500617000.0
1988	3898	MINN-DAK FARMERS COOPERATIVE	-1	Industrial	0.0	0.0	0.0	0	0	0.0	0.0						22320000.0	16560000.0	22320000.0	21600000.0	12090000.0	8970000.0	26780000.0	26780000.0	25920000.0	11160000.0	11160000.0	11160000.0	216820000.0
1989	3898	MINN-DAK FARMERS COOPERATIVE	-1	Industrial	0.0	0.0	0.0	0	0	0.0	0.0						8280000.0	4610000.0	0.0	0.0	0.0	0.0	1270000.0	1770000.0	12820000.0	8850000.0	0.0	0.0	37600000.0
1990	3898	MINN-DAK FARMERS COOPERATIVE	-1	Industrial	0.0	0.0	0.0	0	0	0.0	0.0						0.0	0.0	0.0	0.0	0.0	14200000.0	0.0	22390000.0	0.0	0.0	0.0	0.0	36590000.0
1991	3898	MINN-DAK FARMERS COOPERATIVE	-1	Industrial	0.0	0.0	0.0	0	0	0.0	0.0						9250000.0	9530000.0	9400000.0	15840000.0	26080000.0	0.0	0.0	0.0	0.0	0.0	0.0	0.0	70100000.0
1992	3898	MINN-DAK FARMERS COOPERATIVE	-1	Industrial	0.0	0.0	0.0	0	0	0.0	0.0						5880000.0	5960000.0	6920000.0	6340000.0	7050000.0	7580000.0	7370000.0	23140000.0	0.0	0.0	0.0	0.0	70240000.0
1993	3898	MINN-DAK FARMERS COOPERATIVE	-1	Industrial	0.0	0.0	0.0	0	0	0.0	0.0						0.0	0.0	0.0	0.0	0.0	0.0	0.0	0.0	0.0	0.0	0.0	0.0	0.0
1994	3898	MINN-DAK FARMERS COOPERATIVE	-1	Industrial	0.0	0.0	0.0	0	0	0.0	0.0						0.0	0.0	0.0	0.0	0.0	0.0	0.0	0.0	0.0	0.0	0.0	0.0	0.0
1995	3898	MINN-DAK FARMERS COOPERATIVE	-1	Industrial	0.0	0.0	0.0	0	0	0.0	0.0						5100000.0	4760000.0	4790000.0	13350000.0	5100000.0	5860000.0	4630000.0	6030000.0	5830000.0	6870000.0	7260000.0	0.0	69580000.0
1996	3898	MINN-DAK FARMERS COOPERATIVE	-1	Industrial	0.0	0.0	0.0	0	0	0.0	0.0						7900000.0	13020000.0	5420000.0	8290000.0	9620000.0	7230000.0	5080000.0	6720000.0	6620000.0	0.0	0.0	0.0	69900000.0
1997	3898	MINN-DAK FARMERS COOPERATIVE	-1	Industrial	0.0	0.0	0.0	0	0	0.0	0.0						4550000.0	4270000.0	5060000.0	6140000.0	6250000.0	7090000.0	7140000.0	6710000.0	8970000.0	6410000.0	4880000.0	2530000.0	70000000.0
1998	3898	MINN-DAK FARMERS COOPERATIVE	-1	Industrial	0.0	0.0	0.0	0	0	0.0	0.0						6910000.0	5210000.0	5300000.0	9210000.0	7310000.0	9970000.0	7690000.0	11100000.0	7400000.0	0.0	0.0	0.0	70100000.0
1999	3898	MINN-DAK FARMERS COOPERATIVE	-1	Industrial	0.0	0.0	0.0	0	0	0.0	0.0						5800000.0	6230000.0	7250000.0	7470000.0	6910000.0	7320000.0	8190000.0	9520000.0	6510000.0	4250000.0	0.0	0.0	69450000.0
2000	3898	MINN-DAK FARMERS COOPERATIVE	-1	Industrial	0.0	0.0	0.0	0	0	0.0	0.0						5977000.0	6765000.0	7912000.0	7181000.0	6521000.0	8014000.0	9623000.0	9976000.0	0.0	0.0	0.0	0.0	61969000.0
2001	3898	MINN-DAK FARMERS COOPERATIVE	-1	Industrial	0.0	0.0	0.0	0	0	0.0	0.0						5764000.0	5167000.0	6651000.0	4996000.0	6889000.0	7694000.0	8926000.0	9186000.0	5840000.0	6397000.0	0.0	0.0	67510000.0
2002	3898	MINN-DAK FARMERS COOPERATIVE	-1	Industrial	0.0	0.0	0.0	0	0	0.0	0.0						5779000.0	5272000.0	7436000.0	16221000.0	10871000.0	7323000.0	8633000.0	0.0	0.0	0.0	0.0	0.0	61535000.0
2003	3898	MINN-DAK FARMERS COOPERATIVE	-1	Industrial	0.0	0.0	0.0	0	0	0.0	0.0						6860000.0	6240000.0	7260000.0	10120000.0	15540000.0	7370000.0	7780000.0	8920000.0	0.0	0.0	0.0	0.0	70090000.0
2004	3898	MINN-DAK FARMERS COOPERATIVE	-1	Industrial	0.0	0.0	0.0	0	0	0.0	0.0						6710000.0	6510000.0	6660000.0	8230000.0	19620000.0	8300000.0	8240000.0	0.0	0.0	0.0	0.0	0.0	64270000.0
2005	3898	MINN-DAK FARMERS COOPERATIVE	-1	Industrial	0.0	0.0	0.0	0	0	0.0	0.0						7380000.0	6300000.0	6860000.0	10850000.0	16030000.0	9600000.0	10090000.0	2990000.0	0.0	0.0	0.0	0.0	70100000.0
2006	3898	MINN-DAK FARMERS COOPERATIVE	-1	Industrial	0.0	0.0	0.0	0	0	0.0	0.0						8370000.0	7420000.0	8250000.0	10900000.0	17990000.0	12020000.0	5120000.0	0.0	0.0	0.0	0.0	0.0	70070000.0
2007	3898	MINN-DAK FARMERS COOPERATIVE	-1	Industrial	0.0	0.0	0.0	0	0	0.0	0.0						0.0	0.0	0.0	0.0	0.0	0.0	0.0	10970000.0	12770000.0	9430000.0	9160000.0	10010000.0	52340000.0
2008	3898	MINN-DAK FARMERS COOPERATIVE	-1	Industrial	0.0	0.0	0.0	0	0	0.0	0.0						9150000.0	8500000.0	9150000.0	8160000.0	10750000.0	10030000.0	9730000.0	0.0	0.0	0.0	0.0	0.0	65470000.0
2009	3898	MINN-DAK FARMERS COOPERATIVE	-1	Industrial	0.0	0.0	0.0	0	0	0.0	0.0						6930000.0	6960000.0	7780000.0	9470000.0	8410000.0	11300000.0	7910000.0	8810000.0	0.0	0.0	0.0	0.0	67570000.0
2010	3898	MINN-DAK FARMERS COOPERATIVE	-1	Industrial	0.0	0.0	0.0	0	0	0.0	0.0						9130000.0	8070000.0	9460000.0	9530000.0	10950000.0	9330000.0	7490000.0	0.0	0.0	0.0	0.0	0.0	63960000.0
2011	3898	MINN-DAK FARMERS COOPERATIVE	-1	Industrial	0.0	0.0	0.0	0	0	0.0	0.0						0.0	0.0	0.0	0.0	0.0	0.0	0.0	9470000.0	10240000.0	11450000.0	10960000.0	11170000.0	53290000.0
2012	3898	MINN-DAK FARMERS COOPERATIVE	-1	Industrial	0.0	0.0	0.0	0	0	0.0	0.0						0.0	0.0	0.0	0.0	0.0	0.0	0.0	12850000.0	13150000.0	10140000.0	8560000.0	8650000.0	53350000.0
2013	3898	MINN-DAK FARMERS COOPERATIVE	-1	Industrial	0.0	0.0	0.0	0	0	0.0	0.0						0.0	0.0	0.0	0.0	0.0	0.0	0.0	17047000.0	8655000.0	8286000.0	8983000.0	9043000.0	52014000.0
2014	3898	MINN-DAK FARMERS COOPERATIVE	-1	Industrial	0.0	0.0	0.0	0	0	0.0	0.0						0.0	0.0	0.0	0.0	0.0	0.0	8501000.0	9042000.0	9886000.0	9378000.0	9167000.0	8122000.0	54096000.0
2015	3898	MINN-DAK FARMERS COOPERATIVE	-1	Industrial	0.0	0.0	0.0	0	0	0.0	0.0						9258000.0	7217000.0	9773000.0	7526000.0	14420000.0	22123000.0	0.0	0.0	0.0	0.0	0.0	0.0	70317000.0
2016	3898	MINN-DAK FARMERS COOPERATIVE	-1	Industrial	0.0	0.0	0.0	0	0	0.0	0.0						0.0	0.0	0.0	0.0	0.0	0.0	16000000.0	18439000.0	12062000.0	11872000.0	10965000.0	10672000.0	80010000.0
2017	3898	MINN-DAK FARMERS COOPERATIVE	-1	Industrial	0.0	0.0	0.0	0	0	0.0	0.0						0.0	0.0	0.0	0.0	0.0	0.0	2000000.0	20514000.0	14465000.0	10239000.0	10574000.0	8834000.0	66600000.0
2018	3898	MINN-DAK FARMERS COOPERATIVE	-1	Industrial	0.0	0.0	0.0	0	0	0.0	0.0						0.0	0.0	0.0	0.0	0.0	0.0	14174000.0	9758000.0	12607000.0	10707000.0	8737000.0	6817000.0	62800000.0
2019	3898	MINN-DAK FARMERS COOPERATIVE	-1	Industrial	0.0	0.0	0.0	0	0	0.0	0.0						0.0	0.0	0.0	0.0	0.0	0.0	11403000.0	19776000.0	10015000.0	9983000.0	8969000.0	9155000.0	69301000.0
2020	3898	MINN-DAK FARMERS COOPERATIVE	-1	Industrial	0.0	0.0	0.0	0	0	0.0	0.0						0.0	0.0	0.0	0.0	0.0	0.0	12883600.0	20120800.0	11731100.0	12235500.0	9942200.0	8367600.0	75280800.0
2021	3898	MINN-DAK FARMERS COOPERATIVE	-1	Industrial	0.0	0.0	0.0	0	0	0.0	0.0						0.0	0.0	0.0	0.0	0.0	0.0	3.7441	24.8683	21.093	14.6749	13.58	7.998	85.76
2022	3898	MINN-DAK FARMERS COOPERATIVE	-1	Industrial	0.0	0.0	0.0	0	0	0.0	0.0						0.0	0.0	0.0	0.0	0.0	0.0	0.0242	17.339	13.8757	10.4625	8.3339	8.1513	58.1876
2023	3898	MINN-DAK FARMERS COOPERATIVE	-1	Industrial	0.0	0.0	0.0	0	0	0.0	0.0						0.0	0.0	0.0	0.0	0.0	0.0	0.0	4255800.0	9890700.0	8776900.0	8553700.0	7336100.0	38813200.0
2024	3898	MINN-DAK FARMERS COOPERATIVE	-1	Industrial	0.0	0.0	0.0	0	0	0.0	0.0						0.0	0.0	0.0	0.0	0.0	0.0	0.0	16.009	20.064	20.531	15.985	13.141	85730000.0
1989	4121	MINN-DAK FARMERS COOPERATIVE	-1	Industrial	0.0	0.0	0.0	0	0	0.0	0.0						0.0	0.0	0.0	0.0	0.0	0.0	0.0	0.0	0.0	0.0	0.0	0.0	0.0
1990	4121	MINN-DAK FARMERS COOPERATIVE	-1	Industrial	0.0	0.0	0.0	0	0	0.0	0.0						0.0	0.0	0.0	0.0	0.0	0.0	0.0	0.0	0.0	2440000.0	9540000.0	9130000.0	21110000.0
1991	4121	MINN-DAK FARMERS COOPERATIVE	-1	Industrial	0.0	0.0	0.0	0	0	0.0	0.0						0.0	0.0	0.0	0.0	0.0	20300000.0	27340000.0	22760000.0	21020000.0	23480000.0	9280000.0	8700000.0	132880000.0
1992	4121	MINN-DAK FARMERS COOPERATIVE	-1	Industrial	0.0	0.0	0.0	0	0	0.0	0.0						0.0	0.0	0.0	0.0	0.0	0.0	0.0	2580000.0	12380000.0	6330000.0	5410000.0	5280000.0	31980000.0
1993	4121	MINN-DAK FARMERS COOPERATIVE	-1	Industrial	0.0	0.0	0.0	0	0	0.0	0.0						5650000.0	6040000.0	6150000.0	6090000.0	5980000.0	5840000.0	6240000.0	6880000.0	5970000.0	5490000.0	5690000.0	5590000.0	71610000.0
1994	4121	MINN-DAK FARMERS COOPERATIVE	-1	Industrial	0.0	0.0	0.0	0	0	0.0	0.0						5170000.0	5040000.0	5850000.0	5430000.0	5890000.0	6600000.0	6430000.0	6700000.0	5880000.0	5810000.0	5330000.0	5750000.0	69880000.0
1995	4121	MINN-DAK FARMERS COOPERATIVE	-1	Industrial	0.0	0.0	0.0	0	0	0.0	0.0						0.0	0.0	0.0	0.0	0.0	0.0	0.0	0.0	0.0	0.0	0.0	8370000.0	8370000.0
1996	4121	MINN-DAK FARMERS COOPERATIVE	-1	Industrial	0.0	0.0	0.0	0	0	0.0	0.0						0.0	0.0	0.0	0.0	0.0	0.0	0.0	0.0	0.0	6850000.0	5290000.0	6380000.0	18520000.0
1997	4121	MINN-DAK FARMERS COOPERATIVE	-1	Industrial	0.0	0.0	0.0	0	0	0.0	0.0						0.0	0.0	0.0	0.0	0.0	0.0	0.0	0.0	0.0	0.0	0.0	2880000.0	2880000.0
1998	4121	MINN-DAK FARMERS COOPERATIVE	-1	Industrial	0.0	0.0	0.0	0	0	0.0	0.0						0.0	0.0	0.0	0.0	0.0	0.0	0.0	0.0	5120000.0	8580000.0	7730000.0	6680000.0	28110000.0
1999	4121	MINN-DAK FARMERS COOPERATIVE	-1	Industrial	0.0	0.0	0.0	0	0	0.0	0.0						0.0	0.0	0.0	0.0	0.0	0.0	0.0	0.0	0.0	0.0	6580000.0	5970000.0	12550000.0
2000	4121	MINN-DAK FARMERS COOPERATIVE	-1	Industrial	0.0	0.0	0.0	0	0	0.0	0.0						0.0	0.0	0.0	0.0	0.0	0.0	0.0	0.0	13752000.0	6339000.0	6603000.0	6723000.0	33417000.0
2001	4121	MINN-DAK FARMERS COOPERATIVE	-1	Industrial	0.0	0.0	0.0	0	0	0.0	0.0						0.0	0.0	0.0	0.0	0.0	0.0	0.0	0.0	0.0	0.0	5691000.0	5751000.0	11442000.0
2002	4121	MINN-DAK FARMERS COOPERATIVE	-1	Industrial	0.0	0.0	0.0	0	0	0.0	0.0						0.0	0.0	0.0	0.0	0.0	0.0	0.0	10159000.0	9160000.0	6822000.0	5635000.0	6348000.0	38124000.0
2003	4121	MINN-DAK FARMERS COOPERATIVE	-1	Industrial	0.0	0.0	0.0	0	0	0.0	0.0						0.0	0.0	0.0	0.0	0.0	0.0	0.0	2470000.0	9270000.0	8520000.0	7150000.0	6400000.0	33810000.0
2004	4121	MINN-DAK FARMERS COOPERATIVE	-1	Industrial	0.0	0.0	0.0	0	0	0.0	0.0						0.0	0.0	0.0	0.0	0.0	0.0	0.0	7500000.0	8870000.0	7000000.0	7090000.0	7170000.0	37630000.0
2005	4121	MINN-DAK FARMERS COOPERATIVE	-1	Industrial	0.0	0.0	0.0	0	0	0.0	0.0						0.0	0.0	0.0	0.0	0.0	0.0	0.0	5800000.0	11460000.0	11870000.0	8380000.0	7640000.0	45150000.0
2006	4121	MINN-DAK FARMERS COOPERATIVE	-1	Industrial	0.0	0.0	0.0	0	0	0.0	0.0						0.0	0.0	0.0	0.0	0.0	0.0	8420000.0	14120000.0	10630000.0	9450000.0	8800000.0	8760000.0	60180000.0
2007	4121	MINN-DAK FARMERS COOPERATIVE	-1	Industrial	0.0	0.0	0.0	0	0	0.0	0.0						8590000.0	8240000.0	9360000.0	10130000.0	11760000.0	11730000.0	10360000.0	0.0	0.0	0.0	0.0	0.0	70170000.0
2008	4121	MINN-DAK FARMERS COOPERATIVE	-1	Industrial	0.0	0.0	0.0	0	0	0.0	0.0						0.0	0.0	0.0	0.0	0.0	0.0	0.0	9720000.0	10690000.0	10780000.0	8980000.0	9240000.0	49410000.0
2009	4121	MINN-DAK FARMERS COOPERATIVE	-1	Industrial	0.0	0.0	0.0	0	0	0.0	0.0						0.0	0.0	0.0	0.0	0.0	0.0	0.0	0.0	10000000.0	8000000.0	8940000.0	8460000.0	35400000.0
2010	4121	MINN-DAK FARMERS COOPERATIVE	-1	Industrial	0.0	0.0	0.0	0	0	0.0	0.0						0.0	0.0	0.0	0.0	0.0	0.0	0.0	13550000.0	9150000.0	9700000.0	9080000.0	8570000.0	50050000.0
2011	4121	MINN-DAK FARMERS COOPERATIVE	-1	Industrial	0.0	0.0	0.0	0	0	0.0	0.0						8800000.0	8730000.0	8370000.0	8310000.0	10330000.0	12560000.0	13450000.0	0.0	0.0	0.0	0.0	0.0	70550000.0
2012	4121	MINN-DAK FARMERS COOPERATIVE	-1	Industrial	0.0	0.0	0.0	0	0	0.0	0.0						10060000.0	7680000.0	9130000.0	9410000.0	15920000.0	9980000.0	9560000.0	0.0	0.0	0.0	0.0	0.0	71740000.0
2013	4121	MINN-DAK FARMERS COOPERATIVE	-1	Industrial	0.0	0.0	0.0	0	0	0.0	0.0						7924000.0	7218000.0	8352000.0	9274000.0	8572000.0	17389000.0	8510000.0	0.0	0.0	0.0	0.0	0.0	67239000.0
2014	4121	MINN-DAK FARMERS COOPERATIVE	-1	Industrial	0.0	0.0	0.0	0	0	0.0	0.0						8857000.0	8139000.0	12870000.0	11437000.0	13660000.0	13705000.0	0.0	0.0	0.0	0.0	0.0	0.0	68668000.0
2015	4121	MINN-DAK FARMERS COOPERATIVE	-1	Industrial	0.0	0.0	0.0	0	0	0.0	0.0						0.0	0.0	0.0	0.0	0.0	0.0	15857000.0	15992000.0	9363000.0	9764000.0	10554000.0	11123000.0	72653000.0
2016	4121	MINN-DAK FARMERS COOPERATIVE	-1	Industrial	0.0	0.0	0.0	0	0	0.0	0.0						10400000.0	9496000.0	11133000.0	9438000.0	13768000.0	18792000.0	10000000.0	0.0	0.0	0.0	0.0	0.0	0.0
2017	4121	MINN-DAK FARMERS COOPERATIVE	-1	Industrial	0.0	0.0	0.0	0	0	0.0	0.0						10005000.0	8617000.0	9143000.0	9054000.0	9484000.0	13474000.0	11971000.0	0.0	0.0	0.0	0.0	0.0	71700000.0
2018	4121	MINN-DAK FARMERS COOPERATIVE	-1	Industrial	0.0	0.0	0.0	0	0	0.0	0.0						10253000.0	8201000.0	14665000.0	10271000.0	11824000.0	13604000.0	2880000.0	0.0	0.0	0.0	0.0	0.0	71698000.0
2019	4121	MINN-DAK FARMERS COOPERATIVE	-1	Industrial	0.0	0.0	0.0	0	0	0.0	0.0						9631000.0	10458000.0	11442000.0	10559000.0	10707000.0	12627000.0	627600.0	0.0	0.0	0.0	0.0	0.0	71700000.0
2020	4121	MINN-DAK FARMERS COOPERATIVE	-1	Industrial	0.0	0.0	0.0	0	0	0.0	0.0						10931600.0	7861900.0	9119400.0	8526200.0	13252600.0	14257600.0	7750700.0	0.0	0.0	0.0	0.0	0.0	71700000.0
2021	4121	MINN-DAK FARMERS COOPERATIVE	-1	Industrial	0.0	0.0	0.0	0	0	0.0	0.0						7.4404	6.1852	7.4236	7.6258	12.2707	11.9815	18.7728	0.0	0.0	0.0	0.0	0.0	71.7
2022	4121	MINN-DAK FARMERS COOPERATIVE	-1	Industrial	0.0	0.0	0.0	0	0	0.0	0.0						9.6175	10.7726	8.3093	7.2638	9.8982	14.9446	10.894	0.0	0.0	0.0	0.0	0.0	71.7
2023	4121	MINN-DAK FARMERS COOPERATIVE	-1	Industrial	0.0	0.0	0.0	0	0	0.0	0.0						9307200.0	8077900.0	7547500.0	9644300.0	12213800.0	6318200.0	11417200.0	7173900.0	0.0	0.0	0.0	0.0	71700000.0
2024	4121	MINN-DAK FARMERS COOPERATIVE	-1	Industrial	0.0	0.0	0.0	0	0	0.0	0.0						8.0125	8.7077	5.2732	6.0983	6.6095	7.7714	17.4464	11.781	0.0	0.0	0.0	0.0	71700000.0
1999	4862	CARGILL INCORPORATED	-1	Industrial	0.0	0.0	0.0	0	0	0.0	0.0						0.0	0.0	0.0	0.0	0.0	0.0	378000.0	0.0	0.0	0.0	0.0	0.0	378000.0
2006	4862	CARGILL INCORPORATED	-1	Industrial	0.0	0.0	0.0	0	0	0.0	0.0						0.0	0.0	0.0	0.0	0.0	0.0	0.0	148000.0	0.0	0.0	0.0	0.0	148000.0
2007	4862	CARGILL INCORPORATED	-1	Industrial	0.0	0.0	0.0	0	0	0.0	0.0						0.0	0.0	0.0	0.0	0.0	912000.0	0.0	0.0	0.0	0.0	0.0	0.0	912000.0
2009	4862	CARGILL INCORPORATED	-1	Industrial	0.0	0.0	0.0	0	0	0.0	0.0						0.0	0.0	0.0	0.0	0.0	0.0	0.0	0.0	365000.0	0.0	1651000.0	0.0	2016000.0
2011	4862	CARGILL INCORPORATED	-1	Industrial	0.0	0.0	0.0	0	0	0.0	0.0						0.0	0.0	0.0	0.0	528000.0	0.0	0.0	0.0	0.0	267000.0	0.0	0.0	795000.0
2012	4862	CARGILL INCORPORATED	-1	Industrial	0.0	0.0	0.0	0	0	0.0	0.0						0.0	0.0	0.0	0.0	1119000.0	0.0	0.0	0.0	0.0	725000.0	0.0	0.0	1844000.0
2013	4862	CARGILL INCORPORATED	-1	Industrial	0.0	0.0	0.0	0	0	0.0	0.0						0.0	0.0	0.0	215000.0	0.0	0.0	0.0	0.0	0.0	564000.0	0.0	0.0	779000.0
2014	4862	CARGILL INCORPORATED	-1	Industrial	0.0	0.0	0.0	0	0	0.0	0.0						0.0	0.0	0.0	0.0	555000.0	0.0	0.0	0.0	0.0	0.0	0.0	0.0	555000.0
2016	4862	CARGILL INCORPORATED	-1	Industrial	0.0	0.0	0.0	0	0	0.0	0.0						0.0	0.0	0.0	0.0	0.0	0.0	0.0	0.0	0.0	0.0	0.0	0.0	0.0
2017	4862	CARGILL INCORPORATED	-1	Industrial	0.0	0.0	0.0	0	0	0.0	0.0						0.0	0.0	0.0	0.0	0.0	0.0	0.0	0.0	0.0	0.0	0.0	0.0	0.0
2018	4862	CARGILL INCORPORATED	-1	Industrial	0.0	0.0	0.0	0	0	0.0	0.0						0.0	0.0	0.0	0.0	0.0	0.0	0.0	0.0	0.0	0.0	0.0	0.0	0.0
2019	4862	CARGILL INCORPORATED	-1	Industrial	0.0	0.0	0.0	0	0	0.0	0.0						0.0	0.0	0.0	0.0	0.0	0.0	0.0	0.0	0.0	0.0	0.0	0.0	0.0
2020	4862	CARGILL INCORPORATED	-1	Industrial	0.0	0.0	0.0	0	0	0.0	0.0						0.0	0.0	0.0	0.0	0.0	0.0	0.0	0.0	0.0	0.0	0.0	0.0	0.0
2021	4862	CARGILL INCORPORATED	-1	Industrial	0.0	0.0	0.0	0	0	0.0	0.0						0.0	0.0	0.0	0.0	0.0	0.0	0.0	0.0	0.0	0.0	0.0	0.0	0.0
2022	4862	CARGILL INCORPORATED	-1	Industrial	0.0	0.0	0.0	0	0	0.0	0.0						0.0	0.0	0.0	0.0	0.0	0.0	0.0	0.0	0.0	0.0	0.0	0.0	0.0
2023	4862	CARGILL INCORPORATED	-1	Industrial	0.0	0.0	0.0	0	0	0.0	0.0						0.0	0.0	0.0	0.0	0.0	0.0	0.0	0.0	0.0	0.0	0.0	0.0	0.0
2005	5721	WAHPETON, CITY OF	-1	Industrial	0.0	0.0	0.0	0	0	0.0	0.0						125230.0	510780.0	550590.0	540580.0	555640.0	523760.0	516000.0	520370.0	380850.0	460760.0	495110.0	415770.0	5595440.0
2006	5721	WAHPETON, CITY OF	-1	Industrial	0.0	0.0	0.0	0	0	0.0	0.0						492000.0	444000.0	433000.0	460000.0	435000.0	470000.0	327000.0	334000.0	174000.0	255000.0	178000.0	366000.0	4368000.0
2010	5721	WAHPETON, CITY OF	-1	Industrial	0.0	0.0	0.0	0	0	0.0	0.0						632000.0	333000.0	607000.0	645000.0	498000.0	624000.0	462000.0	552000.0	554000.0	177000.0	590000.0	541000.0	6215000.0
2011	5721	WAHPETON, CITY OF	-1	Industrial	0.0	0.0	0.0	0	0	0.0	0.0						510000.0	556000.0	525000.0	502000.0	548000.0	542000.0	525000.0	505000.0	414000.0	563000.0	553000.0	486000.0	6229000.0
2012	5721	WAHPETON, CITY OF	-1	Industrial	0.0	0.0	0.0	0	0	0.0	0.0						466000.0	554000.0	595000.0	536000.0	575000.0	597000.0	440000.0	391000.0	412000.0	113000.0	9000.0	11000.0	4699000.0
2013	5721	WAHPETON, CITY OF	-1	Industrial	0.0	0.0	0.0	0	0	0.0	0.0						32000.0	6000.0	3000.0	18000.0	204000.0	460000.0	430000.0	395000.0	497000.0	134000.0	14000.0	4000.0	2197000.0
2014	5721	WAHPETON, CITY OF	-1	Industrial	0.0	0.0	0.0	0	0	0.0	0.0						12000.0	69000.0	262000.0	421000.0	569000.0	556000.0	635000.0	736000.0	422000.0	402000.0	246000.0	139000.0	4469000.0
2015	5721	WAHPETON, CITY OF	-1	Industrial	0.0	0.0	0.0	0	0	0.0	0.0						118000.0	250000.0	262000.0	525000.0	545000.0	515000.0	609000.0	384000.0	498000.0	320000.0	259000.0	0.0	4285000.0
2016	5721	WAHPETON, CITY OF	-1	Industrial	0.0	0.0	0.0	0	0	0.0	0.0						0.0	0.0	18000.0	39000.0	100000.0	349000.0	327000.0	478000.0	424000.0	68000.0	26000.0	0.0	1829000.0
2017	5721	WAHPETON, CITY OF	-1	Industrial	0.0	0.0	0.0	0	0	0.0	0.0						7000.0	0.0	28000.0	103000.0	583000.0	433000.0	157000.0	0.0	1000.0	0.0	0.0	0.0	1312000.0
2018	5721	WAHPETON, CITY OF	-1	Industrial	0.0	0.0	0.0	0	0	0.0	0.0						7000.0	0.0	0.0	0.0	0.0	1000.0	0.0	0.0	0.0	0.0	0.0	0.0	8000.0
2019	5721	WAHPETON, CITY OF	-1	Industrial	0.0	0.0	0.0	0	0	0.0	0.0						0.0	0.0	0.0	0.0	0.0	0.0	0.0	0.0	0.0	0.0	0.0	0.0	0.0
2020	5721	WAHPETON, CITY OF	-1	Industrial	0.0	0.0	0.0	0	0	0.0	0.0						0.0	0.0	0.0	0.0	0.0	0.0	0.0	0.0	0.0	0.0	0.0	0.0	0.0
2021	5721	WAHPETON, CITY OF	-1	Industrial	0.0	0.0	0.0	0	0	0.0	0.0						0.0	0.0	0.0	0.0	0.0	0.0	0.0	0.0	0.0	0.0	0.0	0.0	0.0
